1.0000
1.0000
1.0000
1.0000
1.0000
1.0000
1.0000
1.0000
1.0000
1.0000
1.0000
1.0000
1.0000
1.0000
1.0000
1.0000
1.0000
1.0000
1.0000
1.0000
1.0000
1.0000
1.0000
1.0000
1.0000
1.0000
1.0000
1.0000
1.0000
1.0000
1.0000
1.0000
1.0000
1.0000
1.0000
1.0000
1.0000
1.0000
1.0000
1.0000
1.0000
1.0000
1.0000
1.0000
1.0000
1.0000
1.0000
1.0000
1.0000
1.0000
1.0000
1.0000
1.0000
1.0000
1.0000
1.0000
1.0000
1.0000
1.0000
1.0000
1.0000
1.0000
1.0000
1.0000
1.0000
1.0000
1.0000
1.0000
1.0000
1.0000
1.0000
1.0000
1.0000
1.0000
1.0000
1.0000
1.0000
1.0000
1.0000
1.0000
1.0000
1.0000
1.0000
1.0000
1.0000
1.0000
1.0000
1.0000
1.0000
1.0000
1.0000
1.0000
1.0000
1.0000
1.0000
1.0000
1.0000
1.0000
1.0000
1.0000
1.0000
1.0000
1.0000
1.0000
1.0000
1.0000
1.0000
1.0000
1.0000
1.0000
1.0000
1.0000
1.0000
1.0000
1.0000
1.0000
1.0000
1.0000
1.0000
1.0000
1.0000
1.0000
1.0000
1.0000
1.0000
1.0000
1.0000
1.0000
1.0000
1.0000
1.0000
1.0000
1.0000
1.0000
1.0000
1.0000
1.0000
1.0000
1.0000
1.0000
1.0000
1.0000
1.0000
1.0000
1.0000
1.0000
1.0000
1.0000
1.0000
1.0000
1.0000
1.0000
1.0000
1.0000
1.0000
1.0000
1.0000
1.0000
1.0000
1.0000
1.0000
1.0000
1.0000
1.0000
1.0000
1.0000
1.0000
1.0000
1.0000
1.0000
1.0000
1.0000
1.0000
1.0000
1.0000
1.0000
1.0000
1.0000
1.0000
1.0000
1.0000
1.0000
1.0000
1.0000
1.0000
1.0000
1.0000
1.0000
1.0000
1.0000
1.0000
1.0000
1.0000
1.0000
1.0000
1.0000
1.0000
1.0000
1.0000
1.0000
1.0000
1.0000
1.0000
1.0000
1.0000
1.0000
1.0000
1.0000
1.0000
1.0000
1.0000
1.0000
1.0000
1.0000
1.0000
1.0000
1.0000
1.0001
1.0001
1.0001
1.0001
1.0001
1.0001
1.0001
1.0001
1.0001
1.0001
1.0001
1.0001
1.0002
1.0002
1.0002
1.0002
1.0002
1.0002
1.0002
1.0002
1.0002
1.0002
1.0002
1.0002
1.0002
1.0002
1.0002
1.0002
1.0002
1.0002
1.0003
1.0003
1.0003
1.0003
1.0003
1.0003
1.0003
1.0003
1.0003
1.0003
1.0004
1.0004
1.0004
1.0004
1.0004
1.0004
1.0004
1.0004
1.0004
1.0005
1.0005
1.0005
1.0005
1.0005
1.0005
1.0005
1.0005
1.0006
1.0006
1.0006
1.0006
1.0006
1.0006
1.0006
1.0006
1.0007
1.0007
1.0007
1.0007
1.0007
1.0007
1.0007
1.0008
1.0008
1.0008
1.0008
1.0008
1.0008
1.0008
1.0008
1.0008
1.0008
1.0008
1.0008
1.0008
1.0008
1.0008
1.0009
1.0009
1.0009
1.0009
1.0009
1.0009
1.0009
1.0010
1.0010
1.0010
1.0010
1.0010
1.0010
1.0010
1.0010
1.0010
1.0010
1.0011
1.0011
1.0011
1.0012
1.0012
1.0012
1.0012
1.0012
1.0013
1.0013
1.0013
1.0013
1.0014
1.0014
1.0014
1.0014
1.0015
1.0015
1.0016
1.0016
1.0016
1.0016
1.0016
1.0016
1.0016
1.0016
1.0017
1.0017
1.0017
1.0017
1.0017
1.0017
1.0017
1.0017
1.0018
1.0018
1.0019
1.0019
1.0019
1.0020
1.0020
1.0020
1.0020
1.0020
1.0021
1.0021
1.0022
1.0022
1.0022
1.0023
1.0023
1.0023
1.0024
1.0024
1.0024
1.0024
1.0024
1.0025
1.0026
1.0026
1.0026
1.0026
1.0027
1.0027
1.0027
1.0027
1.0028
1.0028
1.0028
1.0029
1.0029
1.0030
1.0031
1.0031
1.0031
1.0033
1.0033
1.0034
1.0035
1.0036
1.0036
1.0039
1.0039
1.0039
1.0039
1.0040
1.0041
1.0041
1.0041
1.0043
1.0043
1.0044
1.0044
1.0044
1.0045
1.0046
1.0046
1.0046
1.0047
1.0047
1.0047
1.0048
1.0048
1.0048
1.0049
1.0050
1.0051
1.0051
1.0051
1.0051
1.0051
1.0052
1.0053
1.0054
1.0054
1.0054
1.0055
1.0055
1.0055
1.0056
1.0057
1.0058
1.0059
1.0059
1.0059
1.0059
1.0060
1.0060
1.0060
1.0061
1.0062
1.0063
1.0064
1.0065
1.0065
1.0065
1.0067
1.0067
1.0068
1.0068
1.0068
1.0069
1.0070
1.0070
1.0072
1.0072
1.0074
1.0075
1.0076
1.0076
1.0077
1.0079
1.0081
1.0082
1.0082
1.0083
1.0083
1.0084
1.0089
1.0092
1.0093
1.0095
1.0096
1.0096
1.0097
1.0097
1.0098
1.0099
1.0099
1.0100
1.0100
1.0101
1.0101
1.0105
1.0106
1.0109
1.0110
1.0111
1.0115
1.0115
1.0116
1.0117
1.0117
1.0117
1.0118
1.0121
1.0121
1.0121
1.0124
1.0124
1.0126
1.0127
1.0133
1.0135
1.0137
1.0137
1.0138
1.0138
1.0140
1.0142
1.0143
1.0146
1.0147
1.0147
1.0148
1.0153
1.0156
1.0159
1.0163
1.0163
1.0167
1.0167
1.0168
1.0168
1.0169
1.0169
1.0170
1.0173
1.0176
1.0177
1.0177
1.0179
1.0179
1.0180
1.0181
1.0182
1.0182
1.0185
1.0187
1.0187
1.0192
1.0192
1.0194
1.0196
1.0196
1.0197
1.0197
1.0205
1.0207
1.0207
1.0208
1.0209
1.0211
1.0212
1.0212
1.0213
1.0216
1.0220
1.0220
1.0222
1.0224
1.0232
1.0232
1.0242
1.0242
1.0245
1.0247
1.0247
1.0251
1.0253
1.0254
1.0262
1.0263
1.0264
1.0264
1.0266
1.0266
1.0267
1.0268
1.0269
1.0275
1.0276
1.0282
1.0283
1.0283
1.0286
1.0286
1.0290
1.0297
1.0299
1.0299
1.0301
1.0302
1.0306
1.0308
1.0315
1.0316
1.0317
1.0322
1.0324
1.0327
1.0328
1.0330
1.0335
1.0336
1.0338
1.0338
1.0341
1.0343
1.0347
1.0353
1.0361
1.0364
1.0364
1.0376
1.0377
1.0378
1.0379
1.0395
1.0400
1.0403
1.0410
1.0420
1.0423
1.0425
1.0427
1.0434
1.0437
1.0440
1.0442
1.0442
1.0443
1.0444
1.0447
1.0447
1.0451
1.0455
1.0458
1.0460
1.0463
1.0466
1.0467
1.0469
1.0470
1.0478
1.0489
1.0502
1.0507
1.0512
1.0514
1.0528
1.0531
1.0531
1.0532
1.0533
1.0533
1.0537
1.0537
1.0547
1.0549
1.0557
1.0558
1.0563
1.0585
1.0587
1.0588
1.0588
1.0603
1.0605
1.0610
1.0614
1.0623
1.0630
1.0646
1.0662
1.0663
1.0671
1.0671
1.0703
1.0731
1.0735
1.0735
1.0739
1.0763
1.0790
1.0809
1.0811
1.0837
1.0846
1.0853
1.0854
1.0856
1.0876
1.0877
1.0887
1.0892
1.0893
1.0896
1.0900
1.0905
1.0913
1.0921
1.0925
1.0933
1.0957
1.0960
1.0966
1.0974
1.0985
1.1005
1.1042
1.1058
1.1078
1.1078
1.1080
1.1101
1.1101
1.1121
1.1127
1.1132
1.1135
1.1136
1.1140
1.1164
1.1172
1.1173
1.1175
1.1194
1.1199
1.1215
1.1248
1.1252
1.1256
1.1264
1.1266
1.1268
1.1269
1.1275
1.1309
1.1309
1.1340
1.1348
1.1360
1.1362
1.1363
1.1368
1.1391
1.1408
1.1409
1.1428
1.1435
1.1436
1.1453
1.1456
1.1457
1.1471
1.1482
1.1483
1.1491
1.1500
1.1512
1.1522
1.1524
1.1530
1.1538
1.1548
1.1549
1.1551
1.1560
1.1561
1.1564
1.1593
1.1594
1.1599
1.1603
1.1629
1.1638
1.1652
1.1657
1.1660
1.1663
1.1670
1.1693
1.1695
1.1698
1.1730
1.1745
1.1747
1.1749
1.1753
1.1810
1.1818
1.1835
1.1838
1.1862
1.1868
1.1873
1.1880
1.1893
1.1900
1.2051
1.2055
1.2078
1.2101
1.2101
1.2110
1.2112
1.2116
1.2122
1.2124
1.2128
1.2128
1.2146
1.2158
1.2161
1.2172
1.2178
1.2193
1.2196
1.2202
1.2206
1.2262
1.2295
1.2297
1.2311
1.2317
1.2320
1.2324
1.2337
1.2346
1.2350
1.2361
1.2435
1.2450
1.2453
1.2455
1.2462
1.2462
1.2513
1.2516
1.2549
1.2554
1.2555
1.2561
1.2609
1.2619
1.2624
1.2641
1.2665
1.2698
1.2705
1.2705
1.2715
1.2751
1.2827
1.2836
1.2879
1.2894
1.2903
1.2939
1.3033
1.3054
1.3107
1.3128
1.3133
1.3151
1.3317
1.3357
1.3405
1.3409
1.3415
1.3533
1.3539
1.3594
1.3742
1.3763
1.3764
1.3796
1.3831
1.3860
1.3875
1.3904
1.3910
1.3910
1.3910
1.3916
1.3949
1.3997
1.4050
1.4237
1.4353
1.4366
1.4484
1.4590
1.4592
1.4656
1.4840
1.4845
1.4855
1.4974
1.5103
1.5119
1.5192
1.5372
1.5639
1.5766
1.5777
1.5787
1.5788
1.5791
1.5793
1.5795
1.5800
1.5801
1.5801
1.5802
1.5810
1.5815
1.5817
1.6020
1.6038
1.6167
1.6263
1.6325
1.6408
1.6495
1.6520
1.6569
1.6600
1.6607
1.6616
1.6627
1.6650
1.6658
1.6668
1.6876
1.6956
1.7075
1.7241
1.7332
1.7674
1.8597
1.9072
2.0455
2.0644
2.6667
3.6388
4.3847
5.1212
5.1342
5.2038
5.2038
