0.0567
0.0681
0.0744
0.0805
0.0914
0.1371
0.2100
0.2547
0.2585
0.2590
0.2600
0.2612
0.2629
0.2799
0.3258
0.3340
0.3830
0.3923
0.4008
0.4469
0.4469
0.4515
0.4532
0.4567
0.4828
0.5025
0.5058
0.5234
0.5467
0.5603
0.5618
0.5700
0.5720
0.6057
0.6106
0.6134
0.6267
0.6410
0.6482
0.6634
0.6680
0.6899
0.7048
0.7070
0.7091
0.7140
0.7170
0.7171
0.7358
0.7364
0.7514
0.7595
0.7610
0.7616
0.7655
0.7682
0.7755
0.7771
0.7816
0.7870
0.8027
0.8034
0.8194
0.8226
0.8246
0.8263
0.8320
0.8422
0.8442
0.8452
0.8501
0.8504
0.8506
0.8541
0.8552
0.8559
0.8569
0.8613
0.8618
0.8649
0.8667
0.8707
0.8764
0.8774
0.8786
0.8804
0.8806
0.8810
0.8861
0.8870
0.8906
0.8928
0.8961
0.8977
0.9011
0.9119
0.9136
0.9143
0.9202
0.9209
0.9235
0.9259
0.9279
0.9314
0.9329
0.9342
0.9346
0.9372
0.9389
0.9396
0.9397
0.9405
0.9415
0.9419
0.9430
0.9457
0.9457
0.9459
0.9470
0.9490
0.9512
0.9519
0.9527
0.9532
0.9532
0.9537
0.9539
0.9557
0.9575
0.9576
0.9591
0.9593
0.9609
0.9619
0.9622
0.9642
0.9654
0.9660
0.9668
0.9675
0.9682
0.9683
0.9689
0.9691
0.9693
0.9698
0.9700
0.9719
0.9736
0.9736
0.9738
0.9764
0.9768
0.9776
0.9783
0.9808
0.9809
0.9814
0.9816
0.9837
0.9842
0.9849
0.9850
0.9858
0.9859
0.9861
0.9887
0.9887
0.9890
0.9893
0.9897
0.9900
0.9906
0.9914
0.9914
0.9914
0.9916
0.9920
0.9922
0.9927
0.9929
0.9935
0.9936
0.9938
0.9940
0.9945
0.9945
0.9947
0.9950
0.9952
0.9954
0.9959
0.9964
0.9965
0.9965
0.9972
0.9974
0.9977
0.9984
0.9986
0.9987
0.9988
0.9989
0.9989
0.9991
0.9991
0.9993
0.9993
0.9994
0.9994
0.9995
0.9995
0.9997
0.9998
0.9998
0.9999
0.9999
0.9999
0.9999
1.0000
1.0000
1.0000
1.0000
1.0000
1.0000
1.0000
1.0000
1.0000
1.0000
1.0000
1.0000
1.0000
1.0001
1.0001
1.0001
1.0001
1.0001
1.0001
1.0002
1.0002
1.0003
1.0003
1.0004
1.0004
1.0004
1.0004
1.0005
1.0005
1.0005
1.0005
1.0007
1.0007
1.0008
1.0008
1.0008
1.0009
1.0011
1.0011
1.0012
1.0012
1.0012
1.0012
1.0012
1.0012
1.0013
1.0014
1.0015
1.0016
1.0019
1.0020
1.0022
1.0022
1.0023
1.0024
1.0025
1.0025
1.0025
1.0025
1.0025
1.0026
1.0027
1.0027
1.0028
1.0029
1.0029
1.0030
1.0032
1.0032
1.0032
1.0032
1.0032
1.0034
1.0036
1.0040
1.0040
1.0040
1.0041
1.0042
1.0044
1.0045
1.0045
1.0049
1.0049
1.0049
1.0050
1.0050
1.0052
1.0054
1.0055
1.0057
1.0059
1.0060
1.0063
1.0064
1.0064
1.0064
1.0069
1.0069
1.0071
1.0072
1.0073
1.0074
1.0075
1.0077
1.0077
1.0079
1.0079
1.0083
1.0083
1.0085
1.0086
1.0087
1.0090
1.0090
1.0092
1.0095
1.0095
1.0096
1.0098
1.0098
1.0100
1.0104
1.0107
1.0109
1.0111
1.0111
1.0114
1.0115
1.0116
1.0117
1.0119
1.0121
1.0123
1.0125
1.0125
1.0125
1.0129
1.0132
1.0133
1.0134
1.0135
1.0136
1.0136
1.0139
1.0142
1.0143
1.0143
1.0143
1.0143
1.0143
1.0145
1.0148
1.0150
1.0156
1.0156
1.0156
1.0157
1.0172
1.0175
1.0181
1.0188
1.0188
1.0189
1.0191
1.0192
1.0195
1.0198
1.0201
1.0202
1.0202
1.0207
1.0208
1.0209
1.0209
1.0211
1.0213
1.0213
1.0215
1.0218
1.0219
1.0219
1.0222
1.0223
1.0223
1.0226
1.0228
1.0229
1.0237
1.0239
1.0241
1.0246
1.0247
1.0250
1.0251
1.0256
1.0258
1.0268
1.0271
1.0273
1.0273
1.0273
1.0280
1.0281
1.0282
1.0284
1.0284
1.0286
1.0289
1.0299
1.0304
1.0305
1.0307
1.0309
1.0310
1.0322
1.0329
1.0334
1.0337
1.0338
1.0339
1.0347
1.0352
1.0355
1.0356
1.0358
1.0360
1.0370
1.0371
1.0373
1.0386
1.0391
1.0396
1.0398
1.0399
1.0403
1.0404
1.0404
1.0405
1.0413
1.0413
1.0418
1.0418
1.0421
1.0423
1.0424
1.0424
1.0427
1.0429
1.0429
1.0431
1.0433
1.0434
1.0438
1.0439
1.0445
1.0446
1.0446
1.0450
1.0454
1.0458
1.0459
1.0466
1.0477
1.0482
1.0483
1.0488
1.0501
1.0507
1.0508
1.0508
1.0510
1.0512
1.0516
1.0528
1.0535
1.0539
1.0541
1.0541
1.0552
1.0564
1.0569
1.0569
1.0582
1.0586
1.0590
1.0591
1.0593
1.0595
1.0596
1.0607
1.0607
1.0608
1.0611
1.0611
1.0613
1.0619
1.0621
1.0627
1.0637
1.0641
1.0642
1.0654
1.0655
1.0656
1.0683
1.0684
1.0685
1.0686
1.0687
1.0689
1.0694
1.0702
1.0711
1.0719
1.0719
1.0721
1.0724
1.0725
1.0727
1.0731
1.0737
1.0739
1.0739
1.0743
1.0750
1.0750
1.0751
1.0755
1.0760
1.0761
1.0765
1.0768
1.0771
1.0773
1.0782
1.0783
1.0786
1.0787
1.0790
1.0792
1.0793
1.0796
1.0803
1.0806
1.0809
1.0818
1.0841
1.0848
1.0849
1.0856
1.0864
1.0866
1.0872
1.0874
1.0885
1.0886
1.0889
1.0891
1.0913
1.0913
1.0935
1.0935
1.0945
1.0951
1.0957
1.0957
1.0969
1.0971
1.0985
1.0986
1.0992
1.0992
1.1004
1.1026
1.1027
1.1054
1.1056
1.1062
1.1083
1.1084
1.1096
1.1101
1.1108
1.1131
1.1157
1.1164
1.1166
1.1182
1.1184
1.1192
1.1198
1.1213
1.1217
1.1220
1.1221
1.1225
1.1231
1.1237
1.1248
1.1249
1.1252
1.1267
1.1279
1.1287
1.1312
1.1318
1.1332
1.1346
1.1346
1.1354
1.1395
1.1398
1.1410
1.1419
1.1420
1.1422
1.1424
1.1441
1.1457
1.1458
1.1459
1.1464
1.1473
1.1492
1.1499
1.1505
1.1505
1.1507
1.1521
1.1527
1.1543
1.1549
1.1552
1.1556
1.1569
1.1611
1.1627
1.1634
1.1637
1.1659
1.1690
1.1696
1.1729
1.1730
1.1732
1.1739
1.1748
1.1750
1.1757
1.1761
1.1763
1.1777
1.1779
1.1783
1.1800
1.1809
1.1824
1.1826
1.1909
1.1913
1.1930
1.1948
1.1967
1.2016
1.2029
1.2047
1.2056
1.2065
1.2095
1.2099
1.2122
1.2127
1.2204
1.2205
1.2230
1.2234
1.2234
1.2250
1.2259
1.2290
1.2314
1.2315
1.2316
1.2334
1.2335
1.2336
1.2350
1.2367
1.2371
1.2383
1.2395
1.2401
1.2409
1.2416
1.2441
1.2449
1.2462
1.2473
1.2475
1.2495
1.2501
1.2512
1.2517
1.2521
1.2581
1.2586
1.2591
1.2609
1.2621
1.2623
1.2641
1.2652
1.2695
1.2727
1.2768
1.2805
1.2932
1.3012
1.3038
1.3048
1.3049
1.3083
1.3131
1.3168
1.3174
1.3176
1.3229
1.3354
1.3371
1.3389
1.3401
1.3418
1.3432
1.3439
1.3448
1.3469
1.3478
1.3480
1.3488
1.3576
1.3593
1.3599
1.3621
1.3660
1.3696
1.3705
1.3721
1.3729
1.3769
1.3824
1.3834
1.3871
1.3928
1.3941
1.4029
1.4057
1.4067
1.4127
1.4148
1.4164
1.4231
1.4295
1.4304
1.4310
1.4315
1.4319
1.4346
1.4428
1.4442
1.4443
1.4464
1.4522
1.4536
1.4538
1.4607
1.4616
1.4686
1.4687
1.4691
1.4716
1.4790
1.4837
1.4925
1.4948
1.4953
1.4976
1.4984
1.5025
1.5081
1.5083
1.5132
1.5134
1.5177
1.5204
1.5221
1.5238
1.5278
1.5333
1.5502
1.5509
1.5514
1.5518
1.5526
1.5606
1.5722
1.5808
1.5914
1.5965
1.6000
1.6018
1.6020
1.6036
1.6068
1.6075
1.6123
1.6134
1.6201
1.6284
1.6299
1.6340
1.6366
1.6446
1.6479
1.6509
1.6568
1.6696
1.6718
1.6724
1.6748
1.6876
1.6880
1.6905
1.6935
1.7083
1.7111
1.7113
1.7126
1.7137
1.7148
1.7150
1.7150
1.7230
1.7230
1.7276
1.7349
1.7356
1.7364
1.7370
1.7378
1.7390
1.7398
1.7410
1.7434
1.7448
1.7453
1.7572
1.7640
1.7651
1.7716
1.7752
1.7929
1.7946
1.8021
1.8058
1.8302
1.8410
1.8431
1.8543
1.8787
1.8797
1.8800
1.8917
1.8926
1.9088
1.9138
1.9174
1.9591
1.9634
1.9636
1.9656
1.9666
1.9878
1.9898
2.0073
2.0441
2.0453
2.0891
2.0895
2.1198
2.1448
2.1974
2.2542
2.2700
2.2991
2.3041
2.3252
2.3948
2.4660
2.5197
2.5550
2.5749
2.5923
2.6037
2.6143
2.6507
2.6569
2.6861
2.6947
2.7068
2.7073
2.7320
2.7345
2.7351
2.7379
2.7648
2.8518
2.8587
2.9302
3.0094
3.1173
3.2229
3.2481
3.2661
3.2808
3.3015
3.3447
3.4004
3.5327
3.8424
3.9070
4.2991
4.3847
4.6525
4.7389
4.8482
4.8788
5.5830
5.5909
7.1597
9.3331
13.8170
15.2160
16.3062
