0.4985
0.5009
0.5039
0.5356
0.5793
0.5811
0.5817
0.5971
0.5972
0.6430
0.6443
0.6615
0.6616
0.6675
0.6747
0.6771
0.6774
0.6799
0.6810
0.6844
0.6889
0.6989
0.7008
0.7033
0.7089
0.7190
0.7429
0.7461
0.7680
0.7825
0.7850
0.7860
0.8070
0.8295
0.8306
0.8317
0.8439
0.8499
0.8564
0.8633
0.8707
0.8793
0.9045
0.9184
0.9240
0.9252
0.9254
0.9281
0.9294
0.9330
0.9346
0.9359
0.9378
0.9390
0.9421
0.9451
0.9498
0.9512
0.9530
0.9589
0.9597
0.9611
0.9810
0.9899
0.9901
0.9901
0.9919
0.9964
1.0000
1.0000
1.0024
1.0030
1.0036
1.0036
1.0073
1.0155
1.0307
1.0326
1.0336
1.0510
1.0637
1.0673
1.0710
1.0712
1.0759
1.0769
1.0786
1.0974
1.1065
1.1198
1.1410
1.1722
1.1760
1.1824
1.1905
1.1909
1.2259
1.2506
1.2641
1.2869
1.3043
1.3048
1.3066
1.3333
1.3386
1.3424
1.3576
1.3604
1.3660
1.3769
1.3871
1.4148
1.4504
1.4686
1.5469
1.6935
1.7071
1.7088
1.9103
4.1818
7.0638
13.8170
15.2160
