1.1531
1.1557
1.1590
1.1626
1.1627
1.1763
1.1769
1.1776
1.2111
1.2129
1.2160
1.2163
1.2202
1.2234
1.2282
1.2315
1.2334
1.2431
1.2473
1.2492
1.2543
1.2554
1.2569
1.2810
1.2897
1.2899
1.2924
1.3006
1.3020
1.3038
1.3043
1.3209
1.3233
1.3236
1.3248
1.3304
1.3371
1.3576
1.3660
1.3736
1.3752
1.3889
1.3914
1.3938
1.4117
1.4211
1.4229
1.4304
1.4318
1.4442
1.4443
1.4566
1.4711
1.4769
1.4861
1.5072
1.5077
1.5177
1.5202
1.5217
1.5456
1.5509
1.5569
1.5868
1.5980
1.6134
1.6378
1.6479
1.6889
1.7111
1.7181
1.7230
1.7824
1.8107
1.8741
1.8926
1.8985
1.8998
1.9174
1.9312
1.9657
1.9687
1.9847
1.9958
2.0073
2.0152
2.0674
2.2301
2.2991
2.3041
2.5296
2.6037
2.7068
2.7073
2.8587
2.9085
3.0998
3.2485
3.3533
3.8424
3.8700
4.2991
4.6551
4.7406
4.8887
7.0638
7.1597
7.6543
13.8170
15.2160
22.0195
