0.0567
0.0681
0.0744
0.0805
0.0914
0.1371
0.2100
0.2387
0.2421
0.2547
0.2585
0.2590
0.2600
0.2612
0.2629
0.2799
0.3032
0.3258
0.3340
0.3418
0.3509
0.3830
0.3923
0.4321
0.4469
0.4469
0.4515
0.4532
0.4567
0.4732
0.4828
0.4847
0.5025
0.5130
0.5234
0.5244
0.5448
0.5467
0.5477
0.5504
0.5603
0.5618
0.5700
0.6057
0.6106
0.6134
0.6185
0.6267
0.6410
0.6471
0.6482
0.6634
0.6680
0.6812
0.6943
0.7048
0.7070
0.7077
0.7140
0.7170
0.7171
0.7358
0.7364
0.7433
0.7514
0.7595
0.7610
0.7616
0.7632
0.7655
0.7682
0.7716
0.7755
0.7769
0.7771
0.7816
0.7870
0.7922
0.7976
0.7976
0.8027
0.8032
0.8034
0.8125
0.8194
0.8195
0.8226
0.8246
0.8260
0.8263
0.8320
0.8321
0.8422
0.8424
0.8442
0.8452
0.8487
0.8501
0.8504
0.8514
0.8541
0.8552
0.8559
0.8559
0.8569
0.8593
0.8613
0.8617
0.8618
0.8649
0.8653
0.8653
0.8703
0.8707
0.8710
0.8759
0.8764
0.8774
0.8780
0.8786
0.8804
0.8806
0.8810
0.8832
0.8861
0.8870
0.8900
0.8906
0.8928
0.8934
0.8961
0.8977
0.9005
0.9011
0.9038
0.9054
0.9119
0.9143
0.9150
0.9173
0.9202
0.9207
0.9209
0.9212
0.9227
0.9235
0.9244
0.9259
0.9273
0.9279
0.9296
0.9314
0.9329
0.9342
0.9346
0.9355
0.9389
0.9395
0.9397
0.9405
0.9415
0.9417
0.9419
0.9427
0.9430
0.9438
0.9457
0.9457
0.9459
0.9462
0.9470
0.9486
0.9490
0.9512
0.9527
0.9532
0.9532
0.9532
0.9537
0.9539
0.9557
0.9575
0.9576
0.9579
0.9591
0.9593
0.9607
0.9609
0.9619
0.9622
0.9630
0.9632
0.9654
0.9655
0.9655
0.9660
0.9663
0.9668
0.9675
0.9676
0.9682
0.9683
0.9683
0.9688
0.9689
0.9693
0.9698
0.9700
0.9702
0.9709
0.9719
0.9724
0.9736
0.9736
0.9738
0.9748
0.9764
0.9765
0.9768
0.9774
0.9776
0.9783
0.9791
0.9809
0.9810
0.9814
0.9816
0.9816
0.9819
0.9820
0.9842
0.9849
0.9850
0.9850
0.9858
0.9859
0.9861
0.9865
0.9876
0.9885
0.9887
0.9887
0.9890
0.9893
0.9897
0.9900
0.9906
0.9913
0.9914
0.9914
0.9914
0.9916
0.9920
0.9922
0.9922
0.9927
0.9929
0.9935
0.9936
0.9936
0.9938
0.9940
0.9940
0.9945
0.9945
0.9946
0.9947
0.9950
0.9950
0.9952
0.9953
0.9954
0.9959
0.9961
0.9964
0.9965
0.9965
0.9966
0.9966
0.9972
0.9973
0.9973
0.9974
0.9975
0.9975
0.9975
0.9975
0.9977
0.9984
0.9985
0.9985
0.9986
0.9986
0.9987
0.9988
0.9989
0.9989
0.9989
0.9991
0.9991
0.9992
0.9993
0.9993
0.9994
0.9994
0.9995
0.9995
0.9995
0.9997
0.9997
0.9997
0.9998
0.9999
0.9999
0.9999
0.9999
0.9999
0.9999
1.0000
1.0000
1.0000
1.0000
1.0000
1.0000
1.0000
1.0000
1.0000
1.0000
1.0000
1.0000
1.0000
1.0001
1.0001
1.0001
1.0001
1.0001
1.0001
1.0001
1.0002
1.0002
1.0002
1.0002
1.0002
1.0003
1.0003
1.0004
1.0004
1.0004
1.0004
1.0005
1.0005
1.0005
1.0007
1.0007
1.0007
1.0007
1.0008
1.0008
1.0009
1.0011
1.0011
1.0011
1.0011
1.0012
1.0012
1.0012
1.0013
1.0013
1.0014
1.0015
1.0015
1.0016
1.0019
1.0019
1.0020
1.0020
1.0022
1.0022
1.0023
1.0023
1.0024
1.0025
1.0025
1.0025
1.0026
1.0026
1.0027
1.0029
1.0032
1.0032
1.0032
1.0034
1.0034
1.0035
1.0039
1.0040
1.0040
1.0042
1.0042
1.0043
1.0045
1.0046
1.0046
1.0047
1.0049
1.0049
1.0049
1.0049
1.0050
1.0050
1.0050
1.0052
1.0052
1.0053
1.0057
1.0058
1.0059
1.0060
1.0061
1.0063
1.0064
1.0064
1.0064
1.0064
1.0066
1.0069
1.0069
1.0071
1.0072
1.0073
1.0075
1.0075
1.0077
1.0077
1.0079
1.0079
1.0082
1.0083
1.0083
1.0085
1.0085
1.0086
1.0086
1.0087
1.0088
1.0090
1.0090
1.0092
1.0095
1.0096
1.0097
1.0097
1.0098
1.0098
1.0098
1.0100
1.0106
1.0107
1.0108
1.0109
1.0110
1.0110
1.0111
1.0111
1.0112
1.0114
1.0115
1.0115
1.0116
1.0119
1.0121
1.0121
1.0125
1.0125
1.0125
1.0130
1.0132
1.0132
1.0133
1.0134
1.0135
1.0136
1.0139
1.0142
1.0143
1.0143
1.0143
1.0143
1.0143
1.0145
1.0148
1.0150
1.0156
1.0156
1.0157
1.0158
1.0163
1.0168
1.0169
1.0172
1.0174
1.0175
1.0181
1.0183
1.0188
1.0189
1.0189
1.0191
1.0192
1.0195
1.0200
1.0202
1.0202
1.0208
1.0209
1.0209
1.0211
1.0213
1.0213
1.0215
1.0217
1.0218
1.0218
1.0219
1.0219
1.0223
1.0223
1.0226
1.0234
1.0237
1.0241
1.0245
1.0247
1.0247
1.0250
1.0251
1.0258
1.0262
1.0271
1.0273
1.0273
1.0273
1.0280
1.0281
1.0282
1.0284
1.0284
1.0285
1.0289
1.0289
1.0299
1.0300
1.0301
1.0304
1.0305
1.0307
1.0309
1.0310
1.0316
1.0322
1.0326
1.0329
1.0334
1.0335
1.0337
1.0338
1.0339
1.0347
1.0347
1.0355
1.0356
1.0360
1.0370
1.0370
1.0371
1.0373
1.0377
1.0379
1.0386
1.0387
1.0391
1.0396
1.0399
1.0403
1.0404
1.0411
1.0413
1.0413
1.0418
1.0418
1.0421
1.0423
1.0424
1.0427
1.0427
1.0429
1.0429
1.0431
1.0433
1.0434
1.0439
1.0446
1.0446
1.0449
1.0450
1.0454
1.0458
1.0462
1.0465
1.0466
1.0471
1.0476
1.0477
1.0477
1.0482
1.0483
1.0488
1.0497
1.0508
1.0508
1.0511
1.0512
1.0512
1.0516
1.0523
1.0525
1.0528
1.0534
1.0535
1.0539
1.0541
1.0549
1.0552
1.0563
1.0564
1.0569
1.0569
1.0582
1.0586
1.0590
1.0591
1.0593
1.0595
1.0596
1.0604
1.0607
1.0607
1.0608
1.0611
1.0611
1.0613
1.0619
1.0621
1.0629
1.0638
1.0641
1.0642
1.0655
1.0656
1.0683
1.0684
1.0685
1.0686
1.0687
1.0689
1.0694
1.0711
1.0719
1.0721
1.0725
1.0727
1.0731
1.0734
1.0737
1.0738
1.0739
1.0739
1.0743
1.0745
1.0750
1.0750
1.0751
1.0755
1.0760
1.0761
1.0771
1.0773
1.0783
1.0787
1.0790
1.0792
1.0803
1.0806
1.0814
1.0818
1.0819
1.0823
1.0848
1.0851
1.0852
1.0864
1.0866
1.0872
1.0885
1.0886
1.0905
1.0926
1.0930
1.0935
1.0935
1.0945
1.0951
1.0957
1.0957
1.0962
1.0964
1.0965
1.0971
1.0985
1.0986
1.0992
1.0992
1.1000
1.1024
1.1026
1.1027
1.1054
1.1065
1.1066
1.1083
1.1091
1.1095
1.1101
1.1108
1.1108
1.1127
1.1128
1.1131
1.1144
1.1163
1.1164
1.1166
1.1168
1.1168
1.1172
1.1182
1.1184
1.1192
1.1210
1.1213
1.1214
1.1217
1.1220
1.1221
1.1224
1.1225
1.1232
1.1237
1.1246
1.1248
1.1249
1.1253
1.1267
1.1283
1.1287
1.1295
1.1296
1.1312
1.1318
1.1332
1.1354
1.1358
1.1376
1.1395
1.1398
1.1408
1.1410
1.1419
1.1420
1.1422
1.1424
1.1441
1.1442
1.1458
1.1462
1.1464
1.1473
1.1492
1.1499
1.1505
1.1505
1.1507
1.1519
1.1521
1.1543
1.1552
1.1557
1.1569
1.1599
1.1627
1.1634
1.1659
1.1690
1.1696
1.1729
1.1730
1.1732
1.1739
1.1748
1.1750
1.1757
1.1761
1.1777
1.1778
1.1779
1.1783
1.1784
1.1800
1.1813
1.1824
1.1870
1.1905
1.1930
1.1932
1.1967
1.1969
1.1975
1.1976
1.2005
1.2016
1.2047
1.2056
1.2060
1.2065
1.2085
1.2095
1.2127
1.2139
1.2204
1.2205
1.2230
1.2234
1.2261
1.2269
1.2290
1.2314
1.2315
1.2316
1.2334
1.2335
1.2336
1.2350
1.2360
1.2367
1.2371
1.2383
1.2409
1.2416
1.2421
1.2442
1.2453
1.2462
1.2462
1.2473
1.2475
1.2495
1.2521
1.2565
1.2569
1.2573
1.2581
1.2586
1.2591
1.2591
1.2623
1.2652
1.2682
1.2695
1.2727
1.2768
1.2825
1.2932
1.3034
1.3038
1.3041
1.3049
1.3168
1.3176
1.3202
1.3225
1.3229
1.3269
1.3354
1.3371
1.3381
1.3396
1.3400
1.3418
1.3439
1.3469
1.3480
1.3488
1.3488
1.3593
1.3599
1.3611
1.3616
1.3696
1.3933
1.3941
1.3992
1.4029
1.4057
1.4067
1.4157
1.4231
1.4295
1.4304
1.4310
1.4319
1.4395
1.4426
1.4428
1.4431
1.4464
1.4522
1.4536
1.4538
1.4607
1.4616
1.4790
1.4837
1.4910
1.5021
1.5025
1.5081
1.5083
1.5132
1.5134
1.5177
1.5202
1.5204
1.5221
1.5238
1.5278
1.5285
1.5288
1.5387
1.5408
1.5410
1.5490
1.5504
1.5508
1.5514
1.5518
1.5568
1.5722
1.5808
1.5914
1.5965
1.5987
1.6000
1.6036
1.6058
1.6075
1.6123
1.6201
1.6284
1.6299
1.6340
1.6366
1.6423
1.6446
1.6479
1.6568
1.6670
1.6681
1.6696
1.6718
1.6724
1.6748
1.6876
1.6880
1.6884
1.6902
1.7111
1.7111
1.7113
1.7113
1.7126
1.7128
1.7137
1.7140
1.7148
1.7149
1.7150
1.7150
1.7152
1.7230
1.7230
1.7276
1.7329
1.7356
1.7370
1.7390
1.7410
1.7434
1.7453
1.7494
1.7536
1.7686
1.7716
1.7851
1.7880
1.8021
1.8076
1.8543
1.8787
1.8800
1.8881
1.8912
1.8926
1.9088
1.9174
1.9591
1.9631
1.9632
1.9650
1.9666
1.9878
1.9903
2.0441
2.0453
2.0753
2.0753
2.0891
2.0895
2.1064
2.1280
2.1371
2.1448
2.1638
2.1835
2.1974
2.2107
2.2301
2.2312
2.2466
2.2473
2.2497
2.2531
2.2596
2.2627
2.2633
2.2637
2.2644
2.2647
2.2664
2.2671
2.2691
2.2699
2.2700
2.2720
2.2726
2.2728
2.2734
2.2743
2.2752
2.2763
2.2772
2.2774
2.2774
2.2774
2.2779
2.2796
2.2800
2.2804
2.2806
2.2818
2.2840
2.2841
2.2842
2.2859
2.2863
2.2869
2.2873
2.2881
2.2914
2.2921
2.2926
2.2972
2.2982
2.2991
2.3027
2.3037
2.3041
2.3056
2.3063
2.3074
2.3105
2.3106
2.3120
2.3133
2.3252
2.3282
2.3410
2.3945
2.3948
2.4660
2.5223
2.5550
2.5923
2.6037
2.6143
2.6298
2.6507
2.6569
2.6828
2.6947
2.7068
2.7073
2.7320
2.7345
2.7351
2.7648
2.7847
2.8474
2.8518
2.9302
3.0094
3.1173
3.1851
3.2446
3.2481
3.2661
3.3447
3.4004
3.5327
3.6509
3.8109
3.8424
3.9030
4.2577
4.2991
4.3847
4.5085
4.6111
4.6183
4.6598
4.8482
5.5830
5.5909
7.1597
7.6543
9.3331
