0.0567
0.0743
0.0805
0.0914
0.1371
0.1726
0.1870
0.1934
0.2099
0.2129
0.2280
0.2280
0.2286
0.2294
0.2295
0.2324
0.2421
0.2546
0.3190
0.3200
0.3266
0.3408
0.3442
0.3532
0.3800
0.3801
0.4417
0.4708
0.4716
0.4948
0.4961
0.5058
0.5197
0.5396
0.5434
0.5499
0.5507
0.5544
0.5647
0.5911
0.6046
0.6172
0.6285
0.6608
0.6633
0.6662
0.6899
0.7019
0.7075
0.7122
0.7198
0.7310
0.7437
0.7588
0.7653
0.7691
0.7741
0.7770
0.7784
0.7808
0.7827
0.7852
0.7923
0.8000
0.8004
0.8004
0.8008
0.8014
0.8038
0.8041
0.8213
0.8213
0.8266
0.8291
0.8304
0.8327
0.8341
0.8421
0.8463
0.8464
0.8506
0.8610
0.8641
0.8644
0.8656
0.8667
0.8691
0.8695
0.8697
0.8699
0.8700
0.8701
0.8715
0.8740
0.8747
0.8811
0.8881
0.8948
0.8997
0.9002
0.9012
0.9044
0.9093
0.9122
0.9136
0.9139
0.9200
0.9236
0.9276
0.9337
0.9361
0.9377
0.9399
0.9407
0.9422
0.9459
0.9511
0.9514
0.9546
0.9582
0.9597
0.9613
0.9635
0.9691
0.9691
0.9738
0.9746
0.9808
0.9820
0.9878
0.9884
0.9907
0.9913
0.9946
0.9946
0.9950
0.9955
0.9972
0.9974
0.9989
0.9999
1.0000
1.0000
1.0003
1.0004
1.0005
1.0007
1.0008
1.0008
1.0008
1.0012
1.0013
1.0017
1.0020
1.0022
1.0024
1.0025
1.0027
1.0032
1.0032
1.0032
1.0041
1.0047
1.0049
1.0055
1.0057
1.0074
1.0074
1.0074
1.0078
1.0079
1.0089
1.0091
1.0101
1.0104
1.0117
1.0123
1.0124
1.0129
1.0131
1.0135
1.0136
1.0156
1.0157
1.0163
1.0195
1.0196
1.0198
1.0201
1.0207
1.0220
1.0220
1.0222
1.0228
1.0229
1.0239
1.0246
1.0256
1.0259
1.0264
1.0286
1.0352
1.0358
1.0388
1.0398
1.0401
1.0404
1.0405
1.0424
1.0438
1.0445
1.0501
1.0507
1.0519
1.0541
1.0587
1.0602
1.0611
1.0621
1.0624
1.0627
1.0663
1.0719
1.0724
1.0765
1.0771
1.0782
1.0796
1.0809
1.0841
1.0849
1.0856
1.0874
1.0889
1.0891
1.0913
1.0913
1.0950
1.0969
1.0976
1.0992
1.1004
1.1056
1.1062
1.1084
1.1096
1.1157
1.1184
1.1222
1.1231
1.1279
1.1290
1.1346
1.1346
1.1457
1.1459
1.1527
1.1549
1.1556
1.1611
1.1637
1.1659
1.1673
1.1678
1.1709
1.1712
1.1714
1.1719
1.1733
1.1763
1.1826
1.1849
1.1909
1.1913
1.1975
1.1978
1.2029
1.2099
1.2122
1.2216
1.2224
1.2234
1.2250
1.2254
1.2313
1.2378
1.2395
1.2401
1.2430
1.2432
1.2449
1.2512
1.2517
1.2609
1.2621
1.2805
1.2935
1.3012
1.3034
1.3083
1.3131
1.3174
1.3308
1.3336
1.3389
1.3401
1.3432
1.3448
1.3478
1.3621
1.3663
1.3705
1.3721
1.3729
1.3798
1.3824
1.3834
1.3928
1.3976
1.4127
1.4235
1.4315
1.4345
1.4346
1.4442
1.4443
1.4538
1.4581
1.4602
1.4687
1.4691
1.4716
1.4925
1.4976
1.5333
1.5502
1.5509
1.5526
1.5606
1.5707
1.6018
1.6020
1.6068
1.6134
1.6509
1.6590
1.6658
1.6867
1.6869
1.6903
1.6905
1.6905
1.7083
1.7104
1.7349
1.7364
1.7378
1.7398
1.7414
1.7448
1.7572
1.7640
1.7651
1.7752
1.7929
1.7946
1.8058
1.8302
1.8410
1.8431
1.8797
1.8917
1.8933
1.9140
1.9435
1.9634
1.9636
1.9656
1.9898
2.0073
2.0574
2.1198
2.2542
2.3147
2.5197
2.5569
2.5749
2.5784
2.6211
2.6810
2.6861
2.6959
2.7379
2.8587
2.8778
2.9087
2.9874
3.2229
3.2808
3.3015
3.9070
4.6525
4.7389
4.8788
14.1940
16.3062
