0.0407
0.0441
0.0567
0.0727
0.0743
0.0805
0.0914
0.0953
0.0959
0.1371
0.1384
0.1384
0.1451
0.1786
0.2099
0.2114
0.2210
0.2211
0.2217
0.2232
0.2243
0.2250
0.2251
0.2253
0.2465
0.2533
0.2546
0.2646
0.2718
0.2759
0.2919
0.2930
0.2969
0.3265
0.3329
0.3440
0.3993
0.3994
0.4008
0.4110
0.4215
0.4225
0.4281
0.4299
0.4308
0.4406
0.4408
0.4557
0.4563
0.4652
0.4749
0.4801
0.4810
0.4892
0.4893
0.4896
0.4900
0.4900
0.4907
0.4910
0.4924
0.5021
0.5025
0.5053
0.5102
0.5115
0.5174
0.5184
0.5242
0.5269
0.5340
0.5473
0.5474
0.5640
0.5684
0.5702
0.5720
0.5720
0.6086
0.6108
0.6123
0.6307
0.6335
0.6442
0.6547
0.6608
0.6975
0.7044
0.7091
0.7229
0.7284
0.7522
0.7698
0.7745
0.7815
0.7888
0.7927
0.7988
0.7990
0.8004
0.8005
0.8008
0.8013
0.8016
0.8017
0.8020
0.8030
0.8032
0.8106
0.8177
0.8183
0.8274
0.8343
0.8548
0.8578
0.8670
0.8691
0.8696
0.8697
0.8697
0.8698
0.8700
0.8708
0.8725
0.8733
0.8735
0.8771
0.8778
0.8780
0.8800
0.8827
0.8859
0.9044
0.9079
0.9147
0.9182
0.9302
0.9312
0.9345
0.9366
0.9372
0.9375
0.9380
0.9396
0.9401
0.9468
0.9499
0.9519
0.9524
0.9553
0.9570
0.9571
0.9574
0.9576
0.9614
0.9633
0.9642
0.9658
0.9677
0.9680
0.9698
0.9730
0.9751
0.9753
0.9771
0.9772
0.9795
0.9823
0.9832
0.9837
0.9848
0.9860
0.9877
0.9883
0.9896
0.9900
0.9901
0.9901
0.9907
0.9917
0.9932
0.9937
0.9937
0.9947
0.9949
0.9957
0.9957
0.9962
0.9964
0.9965
0.9967
0.9967
0.9968
0.9973
0.9976
0.9977
0.9978
0.9979
0.9982
0.9983
0.9986
0.9987
0.9988
0.9988
0.9989
0.9992
0.9993
0.9993
0.9994
0.9994
0.9995
0.9995
0.9995
0.9995
0.9996
0.9998
0.9998
0.9998
0.9999
0.9999
0.9999
0.9999
1.0000
1.0000
1.0000
1.0000
1.0000
1.0001
1.0001
1.0001
1.0002
1.0002
1.0005
1.0006
1.0007
1.0008
1.0008
1.0008
1.0009
1.0010
1.0011
1.0012
1.0012
1.0012
1.0016
1.0017
1.0017
1.0021
1.0023
1.0023
1.0023
1.0024
1.0025
1.0025
1.0028
1.0029
1.0030
1.0030
1.0030
1.0032
1.0033
1.0035
1.0035
1.0036
1.0038
1.0039
1.0040
1.0042
1.0042
1.0043
1.0044
1.0044
1.0045
1.0045
1.0050
1.0052
1.0052
1.0054
1.0055
1.0055
1.0055
1.0056
1.0057
1.0057
1.0059
1.0060
1.0061
1.0061
1.0064
1.0068
1.0068
1.0069
1.0070
1.0070
1.0074
1.0074
1.0076
1.0078
1.0084
1.0087
1.0089
1.0089
1.0090
1.0091
1.0095
1.0096
1.0108
1.0120
1.0123
1.0130
1.0144
1.0165
1.0165
1.0169
1.0173
1.0175
1.0178
1.0185
1.0187
1.0188
1.0199
1.0200
1.0207
1.0209
1.0211
1.0211
1.0212
1.0213
1.0256
1.0268
1.0268
1.0277
1.0278
1.0285
1.0304
1.0306
1.0308
1.0323
1.0359
1.0364
1.0374
1.0378
1.0379
1.0384
1.0390
1.0414
1.0419
1.0459
1.0478
1.0509
1.0510
1.0549
1.0579
1.0603
1.0607
1.0630
1.0688
1.0702
1.0726
1.0733
1.0748
1.0768
1.0784
1.0793
1.0799
1.0802
1.0895
1.0917
1.0938
1.0938
1.1004
1.1038
1.1143
1.1252
1.1510
1.1560
1.1643
1.1701
1.1809
1.1948
1.2024
1.2056
1.2125
1.2179
1.2197
1.2208
1.2226
1.2247
1.2260
1.2272
1.2281
1.2301
1.2307
1.2326
1.2335
1.2344
1.2345
1.2345
1.2349
1.2382
1.2383
1.2406
1.2408
1.2423
1.2423
1.2434
1.2441
1.2448
1.2451
1.2451
1.2453
1.2454
1.2455
1.2455
1.2459
1.2474
1.2475
1.2479
1.2479
1.2481
1.2483
1.2492
1.2500
1.2508
1.2521
1.2525
1.2526
1.2532
1.2540
1.2542
1.2542
1.2547
1.2560
1.2561
1.2563
1.2566
1.2586
1.2606
1.2633
1.2642
1.2652
1.2652
1.2695
1.2701
1.2741
1.2745
1.2781
1.2919
1.2955
1.2986
1.3184
1.3303
1.3315
1.3323
1.3342
1.3355
1.3359
1.3360
1.3363
1.3456
1.3485
1.3488
1.3509
1.3515
1.3637
1.3659
1.3843
1.4164
1.4229
1.4566
1.4821
1.4948
1.4953
1.4965
1.4984
1.5220
1.5238
1.5242
1.5477
1.5726
1.6033
1.6061
1.6121
1.6162
1.6183
1.6221
1.6351
1.6593
1.6918
1.7307
1.8529
1.8761
1.9043
1.9101
1.9138
2.0197
2.0635
2.1476
2.2445
2.7946
3.1653
4.2303
4.5011
8.0649
11.4519
