0.0387
0.0487
0.0502
0.0676
0.0697
0.1179
0.1194
0.1348
0.1408
0.1712
0.1745
0.1855
0.1875
0.1985
0.2042
0.2196
0.2242
0.2250
0.2282
0.2319
0.2406
0.2446
0.2622
0.2642
0.2698
0.2698
0.2716
0.2850
0.2939
0.2939
0.2953
0.3304
0.3339
0.3418
0.3519
0.3522
0.3569
0.3632
0.3687
0.3712
0.3775
0.3902
0.3907
0.4481
0.4501
0.4855
0.5000
0.5083
0.5112
0.5331
0.5383
0.5417
0.5476
0.5546
0.5590
0.5608
0.5613
0.5654
0.5699
0.5937
0.5956
0.5976
0.6107
0.6246
0.6352
0.6388
0.6390
0.6497
0.6524
0.6528
0.6535
0.6582
0.6858
0.6942
0.6944
0.7077
0.7141
0.7488
0.7764
0.8117
0.8186
0.8378
0.8420
0.8478
0.8600
0.8764
0.8799
0.8893
0.8951
0.8955
0.9053
0.9083
0.9096
0.9107
0.9129
0.9162
0.9173
0.9208
0.9258
0.9268
0.9269
0.9288
0.9313
0.9329
0.9345
0.9361
0.9406
0.9411
0.9449
0.9451
0.9523
0.9536
0.9537
0.9583
0.9671
0.9676
0.9720
0.9749
0.9762
0.9804
0.9869
0.9903
0.9940
0.9961
0.9965
0.9970
0.9979
0.9987
0.9989
1.0000
1.0189
1.0198
1.0218
1.0341
1.0422
1.0511
1.0654
1.0669
1.0714
1.0716
1.0767
1.0787
1.0802
1.0831
1.0914
1.0958
1.1017
1.1307
1.1452
1.1455
1.1853
1.1938
1.2064
1.2429
1.2501
1.2508
1.3159
1.3208
1.3339
1.3718
1.3825
1.4589
1.4816
1.5366
1.5374
1.5385
1.5430
1.5456
1.5654
1.5655
1.5728
1.5741
1.5773
1.5779
1.5798
1.5810
1.7205
1.7469
1.7679
2.5197
3.1040
4.6455
4.7296
4.8248
5.6271
14.3809
