0.1519
0.2353
0.2391
0.2397
0.2590
0.3023
0.3104
0.3135
0.3143
0.3164
0.3172
0.3279
0.3312
0.3312
0.3382
0.3523
0.3600
0.3704
0.3774
0.3795
0.3881
0.3935
0.3988
0.4009
0.4057
0.4064
0.4085
0.4182
0.4320
0.4420
0.4664
0.4692
0.4698
0.4828
0.5008
0.5034
0.5053
0.5115
0.5118
0.5171
0.5211
0.5484
0.5983
0.5994
0.6251
0.6303
0.6320
0.6497
0.6498
0.6572
0.6597
0.6660
0.6730
0.6820
0.6873
0.6928
0.7025
0.7099
0.7171
0.7254
0.7263
0.7307
0.7310
0.7341
0.7350
0.7394
0.7523
0.7587
0.7609
0.7699
0.7860
0.7879
0.7932
0.7998
0.8062
0.8102
0.8133
0.8173
0.8186
0.8208
0.8232
0.8267
0.8347
0.8348
0.8348
0.8406
0.8487
0.8502
0.8517
0.8563
0.8696
0.8696
0.8696
0.8697
0.8702
0.8715
0.8719
0.8742
0.8770
0.8771
0.8784
0.8828
0.8904
0.8909
0.8922
0.9028
0.9085
0.9156
0.9202
0.9294
0.9357
0.9523
0.9535
0.9638
0.9656
0.9657
0.9688
0.9694
0.9698
0.9700
0.9706
0.9756
0.9773
0.9776
0.9820
0.9840
0.9843
0.9844
0.9858
0.9859
0.9886
0.9901
0.9915
0.9920
0.9921
0.9922
0.9923
0.9928
0.9952
0.9956
0.9956
0.9956
0.9961
0.9969
0.9976
0.9978
0.9981
0.9991
0.9991
0.9995
1.0002
1.0006
1.0006
1.0008
1.0010
1.0012
1.0013
1.0017
1.0018
1.0019
1.0022
1.0022
1.0024
1.0028
1.0030
1.0031
1.0033
1.0054
1.0058
1.0058
1.0068
1.0069
1.0078
1.0079
1.0083
1.0084
1.0084
1.0086
1.0099
1.0100
1.0105
1.0111
1.0124
1.0130
1.0138
1.0138
1.0139
1.0151
1.0157
1.0157
1.0159
1.0160
1.0175
1.0176
1.0178
1.0182
1.0194
1.0195
1.0208
1.0217
1.0222
1.0228
1.0237
1.0249
1.0264
1.0269
1.0270
1.0284
1.0290
1.0314
1.0328
1.0330
1.0348
1.0397
1.0409
1.0418
1.0420
1.0431
1.0441
1.0457
1.0478
1.0490
1.0508
1.0519
1.0542
1.0544
1.0553
1.0559
1.0601
1.0614
1.0619
1.0629
1.0649
1.0650
1.0686
1.0686
1.0701
1.0705
1.0705
1.0710
1.0710
1.0728
1.0740
1.0759
1.0767
1.0776
1.0798
1.0802
1.0803
1.0807
1.0814
1.0834
1.0835
1.0847
1.0861
1.0880
1.0895
1.0922
1.0954
1.0983
1.1019
1.1064
1.1077
1.1078
1.1086
1.1105
1.1152
1.1190
1.1195
1.1203
1.1203
1.1213
1.1251
1.1264
1.1271
1.1312
1.1313
1.1318
1.1324
1.1337
1.1344
1.1351
1.1370
1.1404
1.1407
1.1497
1.1506
1.1506
1.1538
1.1538
1.1553
1.1607
1.1681
1.1695
1.1746
1.1776
1.1845
1.1916
1.1916
1.1968
1.1981
1.1988
1.2058
1.2111
1.2114
1.2172
1.2236
1.2378
1.2430
1.2445
1.2705
1.2747
1.2755
1.2814
1.2853
1.3042
1.3089
1.3108
1.3109
1.3114
1.3116
1.3144
1.3165
1.3176
1.3268
1.3299
1.3311
1.3331
1.3344
1.3421
1.3450
1.3492
1.3507
1.3543
1.3571
1.3690
1.3732
1.3752
1.3756
1.3763
1.3783
1.3805
1.3903
1.3923
1.4139
1.4188
1.4196
1.4471
1.4766
1.5132
1.5899
1.5916
1.5984
1.6028
1.6619
1.6657
1.6817
1.6888
1.6950
1.7229
1.8303
1.8552
1.8582
1.8588
1.8883
1.9398
1.9549
1.9610
1.9610
1.9624
2.0159
2.0586
2.0616
2.0852
2.1005
2.1727
2.2000
2.2600
2.2885
2.3210
2.4196
2.4420
2.4979
2.4995
2.5537
2.5687
2.6086
2.6790
2.7396
2.7499
2.7898
2.8413
2.8810
2.8914
2.9157
2.9168
2.9755
3.2068
3.6555
3.7517
3.7936
3.9437
4.6829
5.3261
5.7319
12.2994
