0.0482
0.0554
0.0635
0.1174
0.1186
0.1477
0.1511
0.1709
0.1714
0.1782
0.1809
0.1881
0.2059
0.2237
0.2245
0.2342
0.2410
0.2461
0.2488
0.2511
0.2557
0.2606
0.2629
0.2630
0.2813
0.2848
0.3238
0.3502
0.3559
0.3577
0.3588
0.3595
0.3997
0.4013
0.4027
0.4236
0.4449
0.4457
0.4770
0.4785
0.4817
0.4832
0.5135
0.5311
0.5319
0.5388
0.5392
0.5406
0.5450
0.5458
0.5697
0.5722
0.5844
0.5855
0.5878
0.5882
0.6293
0.6470
0.6482
0.6596
0.6636
0.6641
0.6819
0.6880
0.6988
0.7159
0.7315
0.7484
0.7548
0.7732
0.8030
0.8042
0.8086
0.8386
0.8420
0.8483
0.8665
0.8688
0.8711
0.8732
0.8760
0.8847
0.8852
0.8856
0.8898
0.8910
0.8970
0.8994
0.8996
0.9119
0.9119
0.9150
0.9232
0.9290
0.9335
0.9339
0.9356
0.9386
0.9471
0.9564
0.9731
0.9777
0.9818
0.9820
0.9826
0.9840
0.9844
0.9848
0.9853
0.9856
0.9861
0.9869
0.9891
0.9893
0.9894
0.9910
0.9920
0.9944
0.9949
0.9953
0.9971
0.9986
0.9987
0.9988
0.9992
0.9995
0.9998
0.9999
1.0000
1.0000
1.0003
1.0040
1.0053
1.0112
1.0117
1.0210
1.0211
1.0240
1.0245
1.0252
1.0272
1.0294
1.0309
1.0320
1.0364
1.0370
1.0445
1.0564
1.0774
1.0945
1.0998
1.1043
1.1098
1.1241
1.1310
1.1332
1.1406
1.1410
1.1474
1.1492
1.1565
1.1599
1.1602
1.1700
1.1797
1.1978
1.2086
1.2099
1.3457
1.4013
1.4333
1.5474
1.7455
1.8586
1.9122
2.2465
2.3625
2.5050
2.6417
3.6716
4.6140
4.7049
