0.0531
0.0639
0.0770
0.0910
0.1673
0.1780
0.1904
0.2041
0.2246
0.2341
0.2373
0.2374
0.2505
0.2553
0.2604
0.2640
0.2718
0.2783
0.2802
0.3418
0.3455
0.3459
0.3476
0.3557
0.3582
0.3628
0.3905
0.3977
0.4011
0.4133
0.4137
0.4159
0.4162
0.4236
0.4255
0.4873
0.4934
0.4974
0.5005
0.5030
0.5142
0.5187
0.5233
0.5348
0.5406
0.5449
0.5456
0.5465
0.5478
0.5652
0.5721
0.5727
0.5774
0.5825
0.5856
0.5873
0.5915
0.5971
0.6065
0.6602
0.6617
0.6746
0.6909
0.7067
0.7071
0.7195
0.7330
0.7475
0.7485
0.7584
0.7586
0.7629
0.7648
0.7697
0.7799
0.7956
0.7977
0.8034
0.8082
0.8318
0.8432
0.8438
0.8541
0.8693
0.8700
0.8745
0.8806
0.8959
0.8972
0.9004
0.9075
0.9082
0.9088
0.9145
0.9149
0.9162
0.9218
0.9225
0.9259
0.9286
0.9308
0.9323
0.9483
0.9685
0.9732
0.9802
0.9804
0.9867
0.9875
0.9875
0.9896
0.9906
0.9916
0.9919
0.9931
0.9968
0.9969
0.9975
0.9983
0.9988
0.9992
1.0000
1.0001
1.0016
1.0062
1.0099
1.0164
1.0166
1.0232
1.0341
1.0343
1.0368
1.0453
1.0478
1.0551
1.0619
1.0648
1.0806
1.0813
1.0840
1.0843
1.0845
1.0858
1.0918
1.0919
1.0980
1.0993
1.0994
1.0996
1.0999
1.1000
1.1002
1.1012
1.1053
1.1527
1.1749
1.1805
1.2150
1.2343
1.2707
1.3314
1.3333
1.4310
1.4853
1.5674
1.7328
2.0100
2.1378
2.2653
2.5537
2.6598
2.6796
2.6981
2.7171
