0.0787
0.1537
0.1585
0.1667
0.1734
0.1844
0.2306
0.2592
0.3217
0.4254
0.4309
0.4466
0.4599
0.4614
0.4626
0.4700
0.4895
0.5024
0.5229
0.5330
0.5490
0.5593
0.5949
0.5969
0.5991
0.6001
0.6091
0.6322
0.6360
0.6400
0.6492
0.6610
0.6859
0.6918
0.7017
0.7037
0.7041
0.7090
0.7171
0.7219
0.7221
0.7226
0.7343
0.7451
0.7522
0.7541
0.7544
0.7560
0.7573
0.7588
0.7636
0.7727
0.7757
0.7823
0.7861
0.7879
0.7954
0.8017
0.8039
0.8040
0.8049
0.8050
0.8119
0.8129
0.8129
0.8144
0.8155
0.8168
0.8184
0.8223
0.8242
0.8294
0.8302
0.8351
0.8386
0.8418
0.8504
0.8516
0.8541
0.8551
0.8557
0.8568
0.8569
0.8571
0.8584
0.8596
0.8611
0.8624
0.8708
0.8750
0.8809
0.8822
0.8823
0.8827
0.8836
0.8845
0.8882
0.8896
0.8946
0.8995
0.9032
0.9091
0.9096
0.9113
0.9116
0.9186
0.9189
0.9212
0.9220
0.9242
0.9287
0.9299
0.9317
0.9327
0.9330
0.9352
0.9362
0.9373
0.9380
0.9388
0.9402
0.9406
0.9413
0.9431
0.9436
0.9453
0.9472
0.9474
0.9481
0.9493
0.9498
0.9501
0.9509
0.9515
0.9542
0.9544
0.9563
0.9586
0.9594
0.9600
0.9620
0.9637
0.9654
0.9660
0.9670
0.9671
0.9676
0.9684
0.9715
0.9724
0.9724
0.9725
0.9749
0.9754
0.9754
0.9764
0.9764
0.9774
0.9782
0.9787
0.9789
0.9790
0.9792
0.9793
0.9794
0.9810
0.9831
0.9833
0.9835
0.9839
0.9840
0.9847
0.9848
0.9849
0.9857
0.9858
0.9863
0.9868
0.9869
0.9869
0.9871
0.9872
0.9888
0.9890
0.9893
0.9901
0.9906
0.9913
0.9915
0.9918
0.9926
0.9946
0.9948
0.9952
0.9953
0.9956
0.9957
0.9958
0.9965
0.9967
0.9968
0.9978
0.9989
0.9990
0.9991
0.9994
0.9995
0.9995
0.9997
0.9997
0.9997
0.9999
0.9999
1.0000
1.0000
1.0000
1.0000
1.0000
1.0000
1.0000
1.0000
1.0001
1.0002
1.0002
1.0003
1.0005
1.0006
1.0006
1.0007
1.0007
1.0008
1.0008
1.0009
1.0009
1.0012
1.0012
1.0013
1.0013
1.0015
1.0016
1.0016
1.0016
1.0017
1.0019
1.0019
1.0019
1.0019
1.0021
1.0022
1.0022
1.0023
1.0023
1.0025
1.0025
1.0026
1.0027
1.0027
1.0027
1.0027
1.0030
1.0034
1.0035
1.0035
1.0037
1.0038
1.0041
1.0043
1.0043
1.0044
1.0046
1.0047
1.0048
1.0049
1.0049
1.0049
1.0051
1.0052
1.0053
1.0053
1.0053
1.0054
1.0055
1.0055
1.0058
1.0062
1.0064
1.0064
1.0065
1.0069
1.0069
1.0069
1.0069
1.0073
1.0074
1.0074
1.0075
1.0075
1.0075
1.0076
1.0077
1.0077
1.0078
1.0078
1.0078
1.0078
1.0081
1.0083
1.0085
1.0088
1.0092
1.0093
1.0095
1.0096
1.0099
1.0099
1.0106
1.0106
1.0106
1.0107
1.0110
1.0113
1.0117
1.0117
1.0117
1.0118
1.0119
1.0120
1.0120
1.0127
1.0128
1.0128
1.0128
1.0130
1.0130
1.0131
1.0134
1.0135
1.0135
1.0135
1.0136
1.0138
1.0139
1.0140
1.0142
1.0143
1.0143
1.0144
1.0144
1.0146
1.0150
1.0151
1.0153
1.0154
1.0155
1.0156
1.0157
1.0159
1.0160
1.0160
1.0163
1.0163
1.0166
1.0167
1.0169
1.0172
1.0173
1.0173
1.0177
1.0178
1.0180
1.0182
1.0182
1.0182
1.0183
1.0185
1.0186
1.0189
1.0190
1.0191
1.0192
1.0195
1.0196
1.0197
1.0200
1.0201
1.0202
1.0204
1.0208
1.0209
1.0209
1.0210
1.0210
1.0211
1.0216
1.0219
1.0220
1.0224
1.0225
1.0225
1.0226
1.0227
1.0230
1.0231
1.0232
1.0234
1.0235
1.0237
1.0239
1.0239
1.0243
1.0243
1.0243
1.0250
1.0253
1.0255
1.0256
1.0257
1.0259
1.0263
1.0263
1.0263
1.0270
1.0270
1.0274
1.0274
1.0277
1.0277
1.0278
1.0279
1.0283
1.0284
1.0284
1.0286
1.0290
1.0294
1.0298
1.0299
1.0299
1.0299
1.0306
1.0308
1.0308
1.0310
1.0316
1.0318
1.0318
1.0323
1.0326
1.0328
1.0328
1.0330
1.0331
1.0332
1.0336
1.0336
1.0341
1.0342
1.0343
1.0349
1.0352
1.0357
1.0357
1.0357
1.0358
1.0367
1.0376
1.0380
1.0381
1.0382
1.0382
1.0384
1.0388
1.0389
1.0391
1.0392
1.0395
1.0397
1.0403
1.0411
1.0411
1.0414
1.0417
1.0417
1.0428
1.0430
1.0437
1.0440
1.0445
1.0446
1.0449
1.0452
1.0458
1.0458
1.0462
1.0465
1.0472
1.0473
1.0474
1.0480
1.0480
1.0487
1.0487
1.0492
1.0494
1.0501
1.0511
1.0513
1.0516
1.0518
1.0522
1.0523
1.0524
1.0525
1.0527
1.0531
1.0531
1.0535
1.0539
1.0540
1.0544
1.0548
1.0548
1.0552
1.0556
1.0558
1.0563
1.0564
1.0568
1.0584
1.0592
1.0593
1.0594
1.0601
1.0606
1.0612
1.0612
1.0616
1.0618
1.0621
1.0636
1.0646
1.0647
1.0649
1.0657
1.0662
1.0665
1.0668
1.0681
1.0683
1.0684
1.0684
1.0692
1.0695
1.0697
1.0704
1.0720
1.0722
1.0725
1.0729
1.0730
1.0732
1.0735
1.0736
1.0736
1.0755
1.0758
1.0760
1.0768
1.0769
1.0772
1.0779
1.0782
1.0786
1.0788
1.0791
1.0798
1.0801
1.0803
1.0805
1.0809
1.0819
1.0830
1.0834
1.0835
1.0842
1.0843
1.0846
1.0856
1.0857
1.0861
1.0861
1.0862
1.0870
1.0872
1.0877
1.0881
1.0890
1.0896
1.0896
1.0900
1.0910
1.0911
1.0914
1.0914
1.0923
1.0924
1.0931
1.0936
1.0940
1.0947
1.0954
1.0956
1.0959
1.0966
1.0977
1.0980
1.0982
1.0983
1.0984
1.0985
1.0985
1.0986
1.0991
1.0992
1.0997
1.1000
1.1002
1.1016
1.1018
1.1026
1.1027
1.1030
1.1033
1.1034
1.1035
1.1040
1.1041
1.1045
1.1051
1.1052
1.1053
1.1061
1.1062
1.1064
1.1071
1.1078
1.1086
1.1089
1.1091
1.1104
1.1111
1.1111
1.1111
1.1122
1.1124
1.1124
1.1126
1.1133
1.1134
1.1139
1.1147
1.1150
1.1151
1.1151
1.1154
1.1160
1.1172
1.1181
1.1182
1.1183
1.1184
1.1189
1.1190
1.1194
1.1197
1.1202
1.1202
1.1208
1.1210
1.1213
1.1215
1.1220
1.1227
1.1232
1.1238
1.1239
1.1241
1.1243
1.1243
1.1251
1.1252
1.1255
1.1257
1.1259
1.1262
1.1265
1.1266
1.1267
1.1271
1.1272
1.1274
1.1279
1.1288
1.1290
1.1300
1.1305
1.1317
1.1322
1.1322
1.1327
1.1329
1.1335
1.1341
1.1357
1.1369
1.1371
1.1379
1.1387
1.1387
1.1388
1.1391
1.1393
1.1404
1.1416
1.1421
1.1429
1.1433
1.1435
1.1449
1.1461
1.1461
1.1494
1.1499
1.1502
1.1520
1.1522
1.1527
1.1535
1.1548
1.1559
1.1561
1.1574
1.1576
1.1586
1.1592
1.1603
1.1603
1.1603
1.1604
1.1606
1.1614
1.1622
1.1628
1.1650
1.1663
1.1672
1.1675
1.1709
1.1718
1.1721
1.1726
1.1746
1.1761
1.1779
1.1788
1.1790
1.1802
1.1809
1.1819
1.1822
1.1823
1.1825
1.1829
1.1833
1.1842
1.1843
1.1843
1.1845
1.1848
1.1854
1.1857
1.1861
1.1870
1.1880
1.1883
1.1890
1.1895
1.1898
1.1914
1.1915
1.1916
1.1921
1.1930
1.1930
1.1930
1.1951
1.1953
1.1961
1.1968
1.1969
1.1970
1.1973
1.1979
1.1985
1.1999
1.2000
1.2004
1.2006
1.2012
1.2015
1.2019
1.2037
1.2040
1.2041
1.2051
1.2052
1.2063
1.2083
1.2094
1.2096
1.2106
1.2109
1.2114
1.2115
1.2117
1.2125
1.2137
1.2138
1.2139
1.2146
1.2165
1.2182
1.2182
1.2188
1.2190
1.2196
1.2205
1.2206
1.2206
1.2209
1.2213
1.2215
1.2215
1.2219
1.2231
1.2235
1.2248
1.2250
1.2263
1.2286
1.2300
1.2301
1.2305
1.2313
1.2320
1.2320
1.2324
1.2337
1.2348
1.2386
1.2388
1.2388
1.2391
1.2391
1.2418
1.2422
1.2429
1.2432
1.2459
1.2492
1.2500
1.2516
1.2525
1.2527
1.2549
1.2558
1.2565
1.2571
1.2578
1.2583
1.2587
1.2593
1.2599
1.2606
1.2615
1.2633
1.2634
1.2634
1.2635
1.2642
1.2649
1.2661
1.2675
1.2695
1.2699
1.2749
1.2754
1.2754
1.2766
1.2772
1.2774
1.2781
1.2788
1.2820
1.2831
1.2840
1.2848
1.2854
1.2863
1.2888
1.2894
1.2904
1.2904
1.2920
1.2935
1.2938
1.2939
1.2946
1.2989
1.2995
1.2997
1.2998
1.3040
1.3054
1.3063
1.3072
1.3081
1.3089
1.3094
1.3101
1.3109
1.3111
1.3113
1.3114
1.3116
1.3120
1.3134
1.3147
1.3153
1.3158
1.3158
1.3165
1.3167
1.3179
1.3182
1.3204
1.3206
1.3237
1.3243
1.3265
1.3266
1.3282
1.3288
1.3288
1.3289
1.3289
1.3293
1.3303
1.3319
1.3333
1.3333
1.3336
1.3353
1.3382
1.3390
1.3396
1.3400
1.3407
1.3408
1.3416
1.3421
1.3448
1.3455
1.3488
1.3501
1.3507
1.3512
1.3546
1.3574
1.3609
1.3615
1.3619
1.3628
1.3629
1.3630
1.3632
1.3634
1.3638
1.3690
1.3699
1.3711
1.3717
1.3731
1.3738
1.3743
1.3750
1.3750
1.3758
1.3763
1.3783
1.3786
1.3794
1.3799
1.3810
1.3830
1.3890
1.3894
1.3894
1.3898
1.3902
1.3903
1.3922
1.3923
1.3927
1.3929
1.3974
1.3980
1.3988
1.4002
1.4013
1.4013
1.4060
1.4065
1.4074
1.4080
1.4084
1.4142
1.4177
1.4216
1.4246
1.4264
1.4267
1.4321
1.4329
1.4342
1.4343
1.4348
1.4357
1.4399
1.4452
1.4464
1.4493
1.4508
1.4525
1.4539
1.4539
1.4616
1.4626
1.4660
1.4676
1.4681
1.4690
1.4691
1.4707
1.4719
1.4738
1.4744
1.4746
1.4768
1.4769
1.4773
1.4793
1.4849
1.4859
1.4863
1.4872
1.4880
1.4883
1.4894
1.4935
1.4952
1.4969
1.4983
1.5031
1.5081
1.5087
1.5195
1.5201
1.5259
1.5274
1.5277
1.5290
1.5312
1.5315
1.5333
1.5349
1.5353
1.5357
1.5359
1.5365
1.5390
1.5487
1.5577
1.5585
1.5631
1.5655
1.5707
1.5812
1.5813
1.5814
1.5835
1.5847
1.5854
1.5895
1.5916
1.5942
1.5945
1.6016
1.6028
1.6029
1.6031
1.6048
1.6074
1.6151
1.6154
1.6199
1.6213
1.6265
1.6296
1.6322
1.6322
1.6325
1.6341
1.6358
1.6374
1.6392
1.6463
1.6467
1.6469
1.6520
1.6569
1.6610
1.6619
1.6637
1.6671
1.6758
1.6771
1.6838
1.6844
1.6854
1.6957
1.7021
1.7040
1.7044
1.7046
1.7067
1.7094
1.7108
1.7111
1.7126
1.7187
1.7233
1.7240
1.7270
1.7281
1.7282
1.7338
1.7397
1.7418
1.7431
1.7444
1.7504
1.7566
1.7632
1.7670
1.7736
1.7785
1.7789
1.8125
1.8126
1.8148
1.8171
1.8187
1.8253
1.8351
1.8365
1.8450
1.8557
1.8731
1.8751
1.8792
1.8882
1.8883
1.8936
1.8952
1.8966
1.9071
1.9192
1.9279
1.9375
1.9398
1.9775
1.9936
1.9951
2.0017
2.0041
2.0210
2.0536
2.0586
2.0594
2.0678
2.0707
2.0732
2.1005
2.1009
2.1561
2.1563
2.1727
2.1805
2.1840
2.1856
2.2000
2.2151
2.2175
2.2222
2.2425
2.2440
2.2444
2.2458
2.2486
2.2495
2.2600
2.3116
2.3263
2.3315
2.3333
2.3333
2.3449
2.3469
2.3747
2.4338
2.4694
2.4815
2.5152
2.5162
2.5814
2.6058
2.6271
2.6281
2.6298
2.6368
2.6531
2.6602
2.6790
2.7106
2.7270
2.7408
2.7549
2.8151
2.8515
2.8548
2.8579
2.8963
2.8963
2.8963
2.8983
2.9195
2.9295
2.9369
2.9553
2.9691
2.9810
2.9857
3.0217
3.0417
3.0419
3.2068
3.2083
3.2816
3.4627
3.6446
3.6555
3.6655
3.7424
3.7501
3.7543
3.7936
3.8158
3.8574
3.8886
3.9437
3.9475
4.1764
4.2143
4.2963
4.5068
4.6865
5.3261
5.5714
6.0435
6.5643
7.7354
7.7693
9.9058
12.6570
21.7500
23.7140
