0.0368
0.0437
0.0479
0.0501
0.0522
0.0539
0.0584
0.0698
0.0841
0.1055
0.1074
0.1110
0.1336
0.1368
0.1468
0.1566
0.1583
0.1624
0.1735
0.1810
0.1839
0.1857
0.1896
0.1900
0.1950
0.1964
0.1967
0.2105
0.2232
0.2331
0.2485
0.2510
0.2511
0.2513
0.2515
0.2531
0.2541
0.2553
0.2554
0.2563
0.2590
0.2653
0.2653
0.2656
0.2659
0.2666
0.2669
0.2682
0.2688
0.2716
0.2751
0.2754
0.2767
0.2775
0.2776
0.2794
0.2796
0.2838
0.2894
0.2971
0.3004
0.3010
0.3228
0.3267
0.3316
0.3426
0.3485
0.3488
0.3542
0.3714
0.3761
0.3829
0.3883
0.3981
0.3991
0.4027
0.4104
0.4112
0.4275
0.4546
0.4548
0.4550
0.4600
0.4600
0.4600
0.4600
0.4603
0.4603
0.4604
0.4661
0.4669
0.4724
0.4812
0.4849
0.5006
0.5007
0.5010
0.5010
0.5011
0.5023
0.5044
0.5053
0.5080
0.5286
0.5379
0.5462
0.5470
0.5524
0.5598
0.5614
0.5695
0.5751
0.5761
0.5767
0.5801
0.5849
0.5862
0.5870
0.5881
0.5891
0.5928
0.5945
0.5957
0.5979
0.6099
0.6160
0.6161
0.6198
0.6250
0.6278
0.6279
0.6307
0.6364
0.6415
0.6480
0.6523
0.6560
0.6573
0.6678
0.6692
0.6694
0.6697
0.6749
0.6784
0.6825
0.6834
0.6860
0.6998
0.7012
0.7181
0.7199
0.7233
0.7243
0.7293
0.7294
0.7297
0.7401
0.7478
0.7494
0.7511
0.7519
0.7541
0.7564
0.7626
0.7663
0.7856
0.7993
0.8281
0.8301
0.8336
0.8373
0.8382
0.8391
0.8413
0.8453
0.8457
0.8497
0.8575
0.8582
0.8640
0.8669
0.8715
0.8718
0.8724
0.8782
0.8833
0.8844
0.8855
0.8863
0.8865
0.8949
0.8970
0.8977
0.8981
0.9060
0.9066
0.9087
0.9098
0.9187
0.9240
0.9253
0.9309
0.9322
0.9424
0.9450
0.9469
0.9473
0.9527
0.9536
0.9647
0.9665
0.9712
0.9716
0.9723
0.9727
0.9755
0.9762
0.9801
0.9803
0.9810
0.9823
0.9825
0.9827
0.9832
0.9850
0.9853
0.9855
0.9855
0.9858
0.9859
0.9888
0.9891
0.9896
0.9903
0.9915
0.9915
0.9926
0.9936
0.9944
0.9948
0.9950
0.9952
0.9953
0.9963
0.9963
0.9964
0.9964
0.9964
0.9970
0.9971
0.9976
0.9976
0.9977
0.9977
0.9977
0.9978
0.9979
0.9980
0.9982
0.9984
0.9984
0.9985
0.9986
0.9986
0.9986
0.9986
0.9989
0.9989
0.9990
0.9990
0.9991
0.9991
0.9992
0.9993
0.9994
0.9995
0.9996
0.9996
0.9996
0.9997
0.9997
0.9997
0.9998
0.9998
0.9999
0.9999
1.0000
1.0000
1.0000
1.0000
1.0000
1.0000
1.0002
1.0002
1.0002
1.0003
1.0004
1.0004
1.0004
1.0005
1.0005
1.0005
1.0007
1.0008
1.0008
1.0008
1.0010
1.0011
1.0012
1.0013
1.0014
1.0016
1.0017
1.0017
1.0017
1.0017
1.0018
1.0020
1.0020
1.0020
1.0021
1.0021
1.0022
1.0023
1.0024
1.0024
1.0026
1.0027
1.0028
1.0029
1.0031
1.0031
1.0036
1.0036
1.0040
1.0040
1.0042
1.0047
1.0048
1.0048
1.0049
1.0054
1.0057
1.0061
1.0062
1.0065
1.0067
1.0068
1.0073
1.0073
1.0075
1.0078
1.0078
1.0082
1.0083
1.0083
1.0085
1.0086
1.0086
1.0089
1.0090
1.0092
1.0096
1.0096
1.0096
1.0098
1.0099
1.0099
1.0101
1.0102
1.0107
1.0109
1.0111
1.0115
1.0119
1.0123
1.0133
1.0139
1.0147
1.0152
1.0155
1.0156
1.0156
1.0163
1.0197
1.0199
1.0202
1.0215
1.0221
1.0226
1.0231
1.0242
1.0249
1.0252
1.0261
1.0279
1.0288
1.0302
1.0322
1.0322
1.0354
1.0370
1.0414
1.0443
1.0453
1.0480
1.0570
1.0581
1.0586
1.0586
1.0587
1.0595
1.0598
1.0616
1.0620
1.0784
1.0810
1.0898
1.0927
1.0968
1.1032
1.1047
1.1143
1.1180
1.1330
1.1349
1.1363
1.1499
1.1535
1.1746
1.1901
1.2055
1.2073
1.2083
1.2120
1.2149
1.2249
1.2412
1.2512
1.2512
1.2527
1.2823
1.2857
1.3327
1.3416
1.3608
1.3800
1.4165
1.4165
1.4165
1.4193
1.4193
1.4356
1.4440
1.4564
1.7846
1.8266
1.8496
1.8650
1.8913
2.0618
2.2377
2.3677
2.5281
