1.1535
1.1561
1.1575
1.1580
1.1604
1.1718
1.1790
1.1854
1.1868
1.1914
1.2063
1.2125
1.2324
1.2549
1.2560
1.2634
1.2788
1.2846
1.2863
1.2989
1.3065
1.3072
1.3204
1.3325
1.3331
1.3333
1.3342
1.3421
1.3543
1.3650
1.3690
1.3750
1.3757
1.3810
1.3974
1.4080
1.4205
1.4216
1.4416
1.4539
1.4691
1.4859
1.4935
1.5487
1.5631
1.5835
1.6028
1.6031
1.6296
1.6758
1.7021
1.7111
1.7187
1.7240
1.7270
1.7338
1.7504
1.8883
1.8952
1.9058
1.9192
1.9398
1.9936
2.0586
2.1005
2.1561
2.1563
2.1727
2.1856
2.2000
2.3263
2.4338
2.4596
2.4815
2.5152
2.5162
2.5814
2.6058
2.6298
2.6368
2.6602
2.6790
2.8515
2.9369
2.9691
3.2068
3.6555
3.7543
3.7936
3.8158
3.9437
3.9475
4.6865
5.3261
5.5714
12.6570
