0.0780
0.0844
0.0844
0.1011
0.1112
0.1155
0.1166
0.1170
0.1174
0.1180
0.1184
0.1238
0.1326
0.1336
0.1354
0.1357
0.1381
0.1383
0.1400
0.1415
0.1434
0.1443
0.1449
0.1473
0.1505
0.1648
0.1668
0.1816
0.1818
0.1818
0.1828
0.1841
0.1854
0.1873
0.1879
0.1890
0.1905
0.1916
0.1917
0.1936
0.1960
0.1965
0.1973
0.1974
0.1979
0.1994
0.1997
0.2006
0.2009
0.2013
0.2052
0.2068
0.2107
0.2124
0.2125
0.2165
0.2185
0.2226
0.2281
0.2334
0.2397
0.2412
0.2510
0.2512
0.2512
0.2513
0.2513
0.2523
0.2535
0.2552
0.2565
0.2569
0.2577
0.2613
0.2642
0.2648
0.2651
0.2666
0.2667
0.2672
0.2674
0.2696
0.2699
0.2713
0.2731
0.2761
0.2802
0.2813
0.2843
0.2845
0.2926
0.2945
0.2951
0.3025
0.3127
0.3133
0.3154
0.3253
0.3291
0.3318
0.3474
0.3712
0.3734
0.3786
0.3966
0.4003
0.4025
0.4298
0.4424
0.4432
0.4474
0.4560
0.4658
0.4706
0.4834
0.4846
0.4907
0.5008
0.5013
0.5034
0.5049
0.5053
0.5053
0.5140
0.5148
0.5250
0.5260
0.5261
0.5416
0.5453
0.5719
0.5734
0.5760
0.5836
0.5866
0.5982
0.6013
0.6027
0.6080
0.6117
0.6151
0.6250
0.6291
0.6320
0.6469
0.6511
0.6576
0.6625
0.6650
0.6675
0.6679
0.6680
0.6699
0.6699
0.6829
0.6901
0.6930
0.6968
0.7043
0.7056
0.7093
0.7105
0.7123
0.7158
0.7159
0.7194
0.7210
0.7222
0.7225
0.7248
0.7290
0.7317
0.7383
0.7395
0.7455
0.7490
0.7500
0.7503
0.7506
0.7509
0.7530
0.7554
0.7570
0.7586
0.7643
0.7676
0.7756
0.7770
0.7889
0.7920
0.7936
0.7957
0.7967
0.7968
0.7991
0.7994
0.8033
0.8071
0.8126
0.8139
0.8143
0.8143
0.8165
0.8172
0.8174
0.8179
0.8202
0.8202
0.8224
0.8289
0.8366
0.8368
0.8373
0.8396
0.8461
0.8493
0.8521
0.8536
0.8632
0.8641
0.8672
0.8685
0.8694
0.8696
0.8696
0.8699
0.8700
0.8701
0.8705
0.8705
0.8705
0.8705
0.8710
0.8714
0.8725
0.8738
0.8750
0.8750
0.8758
0.8790
0.8805
0.8842
0.8893
0.8970
0.9056
0.9160
0.9231
0.9287
0.9290
0.9302
0.9319
0.9446
0.9472
0.9633
0.9660
0.9662
0.9667
0.9678
0.9712
0.9733
0.9738
0.9743
0.9759
0.9806
0.9839
0.9851
0.9857
0.9859
0.9864
0.9865
0.9872
0.9878
0.9879
0.9881
0.9886
0.9897
0.9916
0.9919
0.9921
0.9923
0.9926
0.9928
0.9937
0.9940
0.9943
0.9944
0.9952
0.9955
0.9955
0.9956
0.9958
0.9958
0.9961
0.9961
0.9962
0.9964
0.9966
0.9966
0.9967
0.9971
0.9972
0.9972
0.9972
0.9981
0.9985
0.9985
0.9986
0.9986
0.9989
0.9991
0.9991
0.9991
0.9992
0.9992
0.9993
0.9993
0.9994
0.9995
0.9995
0.9995
0.9998
0.9998
1.0000
1.0000
1.0000
1.0000
1.0000
1.0001
1.0002
1.0004
1.0005
1.0005
1.0005
1.0006
1.0006
1.0006
1.0007
1.0007
1.0008
1.0009
1.0010
1.0010
1.0011
1.0011
1.0012
1.0013
1.0014
1.0015
1.0015
1.0016
1.0018
1.0019
1.0020
1.0021
1.0022
1.0023
1.0025
1.0026
1.0027
1.0032
1.0032
1.0034
1.0036
1.0036
1.0038
1.0039
1.0040
1.0041
1.0042
1.0044
1.0048
1.0048
1.0049
1.0050
1.0051
1.0052
1.0053
1.0053
1.0054
1.0054
1.0056
1.0059
1.0063
1.0064
1.0064
1.0066
1.0068
1.0075
1.0077
1.0084
1.0085
1.0088
1.0089
1.0091
1.0097
1.0100
1.0105
1.0107
1.0110
1.0114
1.0123
1.0124
1.0128
1.0129
1.0129
1.0132
1.0132
1.0135
1.0140
1.0142
1.0144
1.0146
1.0147
1.0148
1.0166
1.0168
1.0171
1.0172
1.0185
1.0205
1.0218
1.0218
1.0228
1.0240
1.0245
1.0253
1.0261
1.0264
1.0269
1.0270
1.0270
1.0275
1.0293
1.0294
1.0297
1.0300
1.0306
1.0315
1.0339
1.0339
1.0349
1.0356
1.0384
1.0429
1.0449
1.0451
1.0463
1.0471
1.0484
1.0488
1.0491
1.0513
1.0515
1.0531
1.0566
1.0633
1.0638
1.0643
1.0649
1.0674
1.0683
1.0704
1.0714
1.0750
1.0806
1.0820
1.0855
1.0889
1.0898
1.0991
1.0994
1.1001
1.1001
1.1002
1.1006
1.1008
1.1103
1.1112
1.1142
1.1161
1.1282
1.1285
1.1301
1.1390
1.1439
1.1444
1.1498
1.1544
1.1585
1.1677
1.1732
1.1757
1.1794
1.1942
1.1975
1.1976
1.1989
1.2062
1.2141
1.2146
1.2212
1.2279
1.2524
1.2615
1.2825
1.2866
1.3106
1.3500
1.4012
1.4349
1.4607
1.4858
1.5026
1.5881
1.8081
1.8137
1.8922
2.0873
2.5293
2.6326
21.7500
