0.1005
0.1461
0.1499
0.2262
0.2512
0.2595
0.2747
0.3640
0.3784
0.3968
0.4015
0.4015
0.4015
0.4348
0.4470
0.4472
0.4484
0.4667
0.4683
0.4820
0.4913
0.5023
0.5179
0.5200
0.5273
0.5288
0.5301
0.5419
0.5440
0.5496
0.5576
0.5648
0.5662
0.5730
0.5944
0.5988
0.6043
0.6082
0.6116
0.6192
0.6206
0.6212
0.6238
0.6327
0.6474
0.6478
0.6661
0.6787
0.6876
0.6879
0.6932
0.6960
0.7017
0.7048
0.7062
0.7096
0.7157
0.7250
0.7289
0.7296
0.7303
0.7312
0.7330
0.7347
0.7351
0.7361
0.7363
0.7420
0.7432
0.7458
0.7472
0.7483
0.7511
0.7536
0.7538
0.7552
0.7633
0.7638
0.7680
0.7681
0.7692
0.7719
0.7722
0.7769
0.7841
0.7875
0.7884
0.7893
0.7928
0.7960
0.7971
0.7971
0.8000
0.8000
0.8042
0.8043
0.8089
0.8274
0.8281
0.8287
0.8293
0.8298
0.8304
0.8329
0.8348
0.8357
0.8370
0.8381
0.8381
0.8381
0.8385
0.8387
0.8402
0.8402
0.8420
0.8426
0.8430
0.8447
0.8462
0.8469
0.8498
0.8506
0.8512
0.8513
0.8518
0.8526
0.8546
0.8552
0.8576
0.8579
0.8602
0.8628
0.8646
0.8647
0.8647
0.8655
0.8656
0.8665
0.8672
0.8674
0.8675
0.8675
0.8679
0.8684
0.8687
0.8696
0.8703
0.8725
0.8727
0.8744
0.8758
0.8761
0.8777
0.8789
0.8809
0.8810
0.8812
0.8814
0.8823
0.8840
0.8850
0.8873
0.8883
0.8887
0.8894
0.8907
0.8914
0.8914
0.8919
0.8928
0.8935
0.8994
0.8997
0.9006
0.9027
0.9044
0.9048
0.9051
0.9053
0.9055
0.9061
0.9074
0.9079
0.9091
0.9100
0.9101
0.9109
0.9115
0.9119
0.9120
0.9122
0.9127
0.9130
0.9131
0.9140
0.9143
0.9149
0.9155
0.9175
0.9182
0.9193
0.9199
0.9207
0.9210
0.9235
0.9235
0.9242
0.9245
0.9249
0.9257
0.9262
0.9263
0.9263
0.9268
0.9271
0.9277
0.9288
0.9301
0.9301
0.9307
0.9312
0.9316
0.9316
0.9329
0.9333
0.9333
0.9342
0.9343
0.9348
0.9348
0.9349
0.9359
0.9364
0.9367
0.9367
0.9381
0.9392
0.9394
0.9395
0.9398
0.9399
0.9407
0.9412
0.9431
0.9441
0.9455
0.9457
0.9459
0.9466
0.9466
0.9473
0.9481
0.9485
0.9497
0.9499
0.9503
0.9520
0.9521
0.9534
0.9537
0.9548
0.9560
0.9562
0.9579
0.9579
0.9580
0.9587
0.9588
0.9607
0.9613
0.9613
0.9619
0.9621
0.9623
0.9625
0.9628
0.9635
0.9638
0.9639
0.9646
0.9659
0.9667
0.9671
0.9681
0.9682
0.9683
0.9684
0.9687
0.9689
0.9692
0.9694
0.9697
0.9701
0.9708
0.9710
0.9713
0.9714
0.9716
0.9716
0.9717
0.9718
0.9724
0.9724
0.9730
0.9733
0.9733
0.9733
0.9741
0.9747
0.9753
0.9756
0.9762
0.9771
0.9771
0.9773
0.9774
0.9782
0.9784
0.9786
0.9787
0.9793
0.9796
0.9800
0.9807
0.9814
0.9817
0.9820
0.9822
0.9824
0.9829
0.9832
0.9834
0.9835
0.9843
0.9845
0.9853
0.9854
0.9855
0.9858
0.9858
0.9871
0.9875
0.9876
0.9882
0.9884
0.9886
0.9887
0.9894
0.9895
0.9895
0.9898
0.9899
0.9903
0.9910
0.9910
0.9914
0.9915
0.9915
0.9915
0.9917
0.9917
0.9920
0.9921
0.9922
0.9926
0.9926
0.9928
0.9928
0.9929
0.9930
0.9930
0.9932
0.9932
0.9933
0.9935
0.9935
0.9936
0.9936
0.9938
0.9938
0.9939
0.9939
0.9941
0.9943
0.9945
0.9945
0.9947
0.9948
0.9950
0.9952
0.9953
0.9955
0.9955
0.9959
0.9962
0.9966
0.9968
0.9968
0.9970
0.9970
0.9973
0.9974
0.9974
0.9975
0.9977
0.9977
0.9978
0.9980
0.9981
0.9981
0.9981
0.9983
0.9984
0.9985
0.9986
0.9986
0.9988
0.9989
0.9989
0.9990
0.9991
0.9994
0.9994
0.9995
0.9995
0.9998
0.9998
0.9999
0.9999
1.0000
1.0000
1.0000
1.0000
1.0000
1.0000
1.0000
1.0000
1.0000
1.0000
1.0000
1.0000
1.0000
1.0000
1.0000
1.0000
1.0000
1.0000
1.0000
1.0000
1.0000
1.0000
1.0001
1.0001
1.0001
1.0002
1.0002
1.0003
1.0003
1.0004
1.0004
1.0004
1.0004
1.0004
1.0005
1.0005
1.0005
1.0005
1.0005
1.0005
1.0005
1.0006
1.0006
1.0006
1.0006
1.0007
1.0007
1.0008
1.0009
1.0010
1.0010
1.0010
1.0010
1.0010
1.0011
1.0012
1.0013
1.0013
1.0013
1.0015
1.0015
1.0016
1.0018
1.0018
1.0019
1.0020
1.0020
1.0021
1.0022
1.0022
1.0022
1.0023
1.0023
1.0023
1.0023
1.0023
1.0024
1.0025
1.0026
1.0027
1.0029
1.0030
1.0035
1.0036
1.0037
1.0037
1.0038
1.0038
1.0039
1.0039
1.0040
1.0040
1.0040
1.0040
1.0040
1.0041
1.0043
1.0043
1.0045
1.0045
1.0045
1.0047
1.0048
1.0048
1.0048
1.0051
1.0052
1.0053
1.0053
1.0053
1.0055
1.0055
1.0058
1.0058
1.0059
1.0060
1.0061
1.0062
1.0068
1.0069
1.0070
1.0072
1.0072
1.0072
1.0072
1.0080
1.0080
1.0081
1.0082
1.0084
1.0086
1.0087
1.0087
1.0087
1.0088
1.0089
1.0090
1.0091
1.0091
1.0091
1.0092
1.0092
1.0093
1.0096
1.0096
1.0098
1.0105
1.0105
1.0107
1.0107
1.0108
1.0111
1.0112
1.0114
1.0117
1.0120
1.0121
1.0122
1.0123
1.0124
1.0125
1.0125
1.0125
1.0127
1.0130
1.0134
1.0134
1.0137
1.0137
1.0137
1.0138
1.0139
1.0139
1.0141
1.0143
1.0146
1.0148
1.0150
1.0152
1.0154
1.0154
1.0154
1.0155
1.0155
1.0156
1.0160
1.0161
1.0168
1.0170
1.0170
1.0172
1.0173
1.0174
1.0174
1.0174
1.0174
1.0175
1.0176
1.0180
1.0180
1.0180
1.0184
1.0184
1.0184
1.0184
1.0186
1.0186
1.0188
1.0189
1.0189
1.0189
1.0190
1.0190
1.0195
1.0199
1.0202
1.0203
1.0204
1.0205
1.0206
1.0209
1.0210
1.0211
1.0212
1.0217
1.0217
1.0217
1.0220
1.0220
1.0220
1.0226
1.0229
1.0230
1.0230
1.0231
1.0235
1.0235
1.0235
1.0238
1.0238
1.0241
1.0241
1.0241
1.0241
1.0243
1.0245
1.0247
1.0248
1.0250
1.0251
1.0252
1.0252
1.0255
1.0256
1.0256
1.0258
1.0258
1.0261
1.0261
1.0263
1.0263
1.0274
1.0283
1.0284
1.0286
1.0287
1.0290
1.0290
1.0294
1.0296
1.0296
1.0299
1.0302
1.0308
1.0316
1.0318
1.0319
1.0322
1.0323
1.0325
1.0326
1.0327
1.0328
1.0329
1.0331
1.0335
1.0340
1.0346
1.0349
1.0352
1.0355
1.0362
1.0363
1.0365
1.0367
1.0367
1.0375
1.0376
1.0384
1.0384
1.0385
1.0388
1.0389
1.0391
1.0391
1.0393
1.0399
1.0401
1.0402
1.0403
1.0403
1.0403
1.0405
1.0406
1.0406
1.0409
1.0409
1.0410
1.0425
1.0430
1.0431
1.0434
1.0439
1.0441
1.0442
1.0445
1.0448
1.0454
1.0455
1.0456
1.0456
1.0456
1.0457
1.0458
1.0465
1.0471
1.0471
1.0476
1.0481
1.0482
1.0484
1.0495
1.0499
1.0501
1.0507
1.0507
1.0508
1.0515
1.0515
1.0518
1.0518
1.0526
1.0528
1.0532
1.0537
1.0541
1.0546
1.0549
1.0552
1.0557
1.0575
1.0588
1.0592
1.0592
1.0598
1.0601
1.0602
1.0608
1.0621
1.0626
1.0630
1.0632
1.0634
1.0641
1.0654
1.0654
1.0660
1.0663
1.0664
1.0667
1.0672
1.0678
1.0682
1.0685
1.0686
1.0687
1.0698
1.0700
1.0700
1.0703
1.0703
1.0708
1.0708
1.0709
1.0709
1.0711
1.0716
1.0718
1.0725
1.0728
1.0730
1.0731
1.0732
1.0732
1.0734
1.0737
1.0742
1.0747
1.0764
1.0769
1.0774
1.0774
1.0775
1.0775
1.0782
1.0785
1.0797
1.0798
1.0798
1.0803
1.0804
1.0809
1.0812
1.0814
1.0820
1.0820
1.0826
1.0831
1.0835
1.0835
1.0835
1.0840
1.0842
1.0866
1.0866
1.0869
1.0871
1.0872
1.0874
1.0876
1.0882
1.0887
1.0890
1.0894
1.0901
1.0905
1.0917
1.0917
1.0927
1.0939
1.0964
1.0969
1.0970
1.0976
1.0979
1.0980
1.0981
1.0985
1.0989
1.0993
1.0998
1.1014
1.1020
1.1023
1.1033
1.1041
1.1045
1.1050
1.1067
1.1069
1.1075
1.1080
1.1085
1.1085
1.1100
1.1111
1.1111
1.1124
1.1133
1.1134
1.1137
1.1145
1.1149
1.1156
1.1164
1.1166
1.1170
1.1176
1.1192
1.1201
1.1202
1.1214
1.1215
1.1218
1.1224
1.1238
1.1250
1.1254
1.1278
1.1280
1.1281
1.1284
1.1287
1.1289
1.1296
1.1302
1.1302
1.1304
1.1304
1.1315
1.1319
1.1347
1.1379
1.1382
1.1389
1.1390
1.1393
1.1395
1.1396
1.1397
1.1398
1.1404
1.1404
1.1424
1.1441
1.1448
1.1456
1.1460
1.1463
1.1475
1.1479
1.1495
1.1500
1.1512
1.1560
1.1572
1.1586
1.1593
1.1607
1.1609
1.1611
1.1617
1.1624
1.1644
1.1646
1.1677
1.1677
1.1691
1.1697
1.1698
1.1698
1.1700
1.1706
1.1709
1.1713
1.1752
1.1755
1.1767
1.1772
1.1777
1.1786
1.1803
1.1810
1.1813
1.1828
1.1833
1.1833
1.1842
1.1860
1.1860
1.1865
1.1887
1.1901
1.1915
1.1933
1.1939
1.1939
1.1942
1.1945
1.1949
1.1960
1.1976
1.1989
1.1993
1.1994
1.1995
1.1996
1.2000
1.2042
1.2081
1.2086
1.2087
1.2087
1.2088
1.2090
1.2093
1.2095
1.2099
1.2100
1.2107
1.2109
1.2114
1.2114
1.2116
1.2116
1.2123
1.2149
1.2150
1.2169
1.2172
1.2197
1.2205
1.2212
1.2215
1.2216
1.2219
1.2254
1.2263
1.2267
1.2269
1.2275
1.2295
1.2295
1.2297
1.2306
1.2324
1.2347
1.2349
1.2367
1.2370
1.2370
1.2373
1.2375
1.2401
1.2416
1.2456
1.2489
1.2498
1.2520
1.2535
1.2542
1.2554
1.2561
1.2566
1.2591
1.2616
1.2622
1.2656
1.2673
1.2695
1.2698
1.2706
1.2706
1.2724
1.2727
1.2733
1.2733
1.2736
1.2745
1.2778
1.2781
1.2800
1.2847
1.2851
1.2867
1.2868
1.2909
1.2911
1.2917
1.2930
1.2935
1.2944
1.2950
1.2952
1.3000
1.3009
1.3020
1.3028
1.3068
1.3097
1.3099
1.3108
1.3125
1.3140
1.3155
1.3161
1.3169
1.3175
1.3178
1.3194
1.3208
1.3219
1.3247
1.3253
1.3272
1.3274
1.3282
1.3302
1.3318
1.3333
1.3333
1.3365
1.3365
1.3376
1.3389
1.3397
1.3478
1.3510
1.3519
1.3552
1.3673
1.3687
1.3688
1.3700
1.3758
1.3820
1.3826
1.3872
1.3931
1.3976
1.3978
1.3983
1.3997
1.4023
1.4053
1.4056
1.4062
1.4062
1.4087
1.4109
1.4155
1.4211
1.4223
1.4253
1.4300
1.4340
1.4345
1.4363
1.4366
1.4425
1.4459
1.4468
1.4491
1.4498
1.4508
1.4510
1.4522
1.4555
1.4578
1.4654
1.4700
1.4713
1.4728
1.4732
1.4858
1.4941
1.4996
1.5021
1.5041
1.5053
1.5088
1.5092
1.5140
1.5203
1.5226
1.5242
1.5243
1.5257
1.5324
1.5347
1.5443
1.5537
1.5561
1.5615
1.5657
1.5682
1.5800
1.5831
1.5924
1.5926
1.5931
1.5936
1.5978
1.5997
1.6005
1.6014
1.6052
1.6054
1.6094
1.6114
1.6180
1.6192
1.6200
1.6207
1.6276
1.6299
1.6362
1.6429
1.6437
1.6466
1.6628
1.6640
1.6691
1.6878
1.6914
1.6960
1.6972
1.7207
1.7222
1.7222
1.7350
1.7451
1.7465
1.7816
1.7842
1.7887
1.7915
1.7951
1.8037
1.8081
1.8239
1.8316
1.8372
1.8375
1.8421
1.8448
1.8475
1.8648
1.8881
1.8912
1.8953
1.8968
1.8986
1.9033
1.9078
1.9102
1.9149
1.9286
1.9366
1.9434
1.9519
1.9730
1.9861
1.9938
2.0000
2.0101
2.0253
2.0253
2.0253
2.0253
2.0253
2.0253
2.0276
2.0293
2.0311
2.0469
2.0496
2.0561
2.0815
2.1075
2.1620
2.1670
2.1832
2.2148
2.2222
2.2673
2.2717
2.2875
2.3487
2.3548
2.4334
2.4511
2.4859
2.4941
2.5089
2.5147
2.5157
2.5157
2.5207
2.6084
2.7154
2.7199
2.7207
2.7217
2.8069
2.8642
2.8709
2.8730
2.9053
3.1328
3.1395
3.1625
3.5320
3.6716
3.8687
4.0636
4.1356
4.3310
4.3319
4.4258
4.4390
4.7524
4.7644
5.2878
5.3468
5.8148
6.3333
7.6474
8.0071
