0.1006	0.1005
0.1613	0.1110
0.1654	0.1499
0.2267	0.2262
0.2595	0.2595
0.4667	0.4667
0.4742	0.3883
0.4785	0.3640
0.4788	0.4484
0.4921	0.4913
0.5023	0.5023
0.5419	0.5419
0.5455	0.5440
0.6055	0.6043
0.6100	0.6082
0.6281	0.5730
0.6481	0.6478
0.6617	0.4470
0.6696	0.5944
0.6775	0.6670
0.6843	0.6327
0.6892	0.6879
0.7014	0.6960
0.7037	0.6932
0.7067	0.7048
0.7159	0.7157
0.7348	0.7289
0.7439	0.7363
0.7483	0.7483
0.7499	0.6787
0.7501	0.7432
0.7565	0.7552
0.7582	0.7096
0.7654	0.7638
0.7680	0.7680
0.7784	0.7538
0.7786	0.7722
0.7805	0.7472
0.7819	0.7420
0.7919	0.7893
0.7978	0.7960
0.8075	0.8000
0.8106	0.7250
0.8217	0.7511
0.8234	0.6116
0.8280	0.7017
0.8370	0.8348
0.8380	0.7296
0.8387	0.8387
0.8440	0.8370
0.8444	0.7971
0.8457	0.8457
0.8498	0.8304
0.8546	0.8546
0.8557	0.8529
0.8563	0.8469
0.8576	0.8576
0.8590	0.8402
0.8591	0.8582
0.8631	0.8579
0.8648	0.8513
0.8658	0.8628
0.8659	0.8647
0.8667	0.8646
0.8674	0.8420
0.8675	0.8675
0.8685	0.8552
0.8692	0.8674
0.8695	0.8526
0.8700	0.8672
0.8703	0.8703
0.8720	0.8602
0.8725	0.8725
0.8744	0.8744
0.8808	0.8789
0.8835	0.8810
0.8853	0.8782
0.8861	0.8855
0.8877	0.8381
0.8892	0.8892
0.8899	0.8883
0.8900	0.8887
0.8907	0.8907
0.8914	0.8914
0.8922	0.8863
0.8968	0.8928
0.8969	0.8647
0.8972	0.5200
0.8979	0.8684
0.9075	0.7458
0.9094	0.9055
0.9140	0.9140
0.9148	0.9027
0.9208	0.8914
0.9217	0.6517
0.9220	0.9130
0.9231	0.9155
0.9245	0.9061
0.9268	0.9048
0.9275	0.9127
0.9292	0.9271
0.9323	0.8758
0.9329	0.8293
0.9330	0.9301
0.9348	0.9109
0.9415	0.9381
0.9435	0.9399
0.9468	0.9459
0.9483	0.9481
0.9487	0.9398
0.9494	0.9364
0.9495	0.8812
0.9526	0.9407
0.9537	0.9537
0.9578	0.9485
0.9579	0.9579
0.9588	0.8669
0.9619	0.9619
0.9623	0.9587
0.9624	0.9499
0.9632	0.8675
0.9648	0.9307
0.9659	0.9638
0.9660	0.9431
0.9671	0.8665
0.9675	0.9623
0.9677	0.8919
0.9677	0.9466
0.9681	0.9681
0.9682	0.9682
0.9687	0.9687
0.9692	0.8043
0.9692	0.9692
0.9719	0.9635
0.9744	0.9733
0.9747	0.9747
0.9771	0.9771
0.9777	0.9730
0.9781	0.9684
0.9800	0.9800
0.9820	0.9820
0.9826	0.9741
0.9833	0.8281
0.9866	0.9074
0.9874	0.9807
0.9897	0.9823
0.9901	0.9845
0.9906	0.9814
0.9906	0.9891
0.9909	0.9817
0.9914	0.9861
0.9915	0.9915
0.9921	0.9876
0.9922	0.9922
0.9925	0.9724
0.9936	0.9936
0.9941	0.9930
0.9941	0.9926
0.9943	0.9858
0.9951	0.9855
0.9952	0.9671
0.9953	0.9716
0.9967	0.9915
0.9969	0.9201
0.9986	0.9980
0.9987	0.9921
0.9989	0.9989
0.9991	0.9991
0.9994	0.9994
0.9998	0.9948
0.9998	0.9966
0.9999	0.9716
1.0000	1.0000
1.0000	1.0000
1.0000	0.9939
1.0000	1.0000
1.0000	1.0000
1.0000	1.0000
1.0001	1.0000
1.0001	1.0000
1.0001	0.9903
1.0002	0.9977
1.0002	1.0002
1.0002	1.0002
1.0002	1.0000
1.0003	0.9995
1.0004	1.0004
1.0005	1.0000
1.0005	1.0005
1.0005	1.0004
1.0005	1.0002
1.0005	1.0003
1.0006	0.9854
1.0006	1.0005
1.0006	1.0005
1.0006	1.0005
1.0007	1.0004
1.0007	1.0007
1.0007	0.9928
1.0007	1.0005
1.0008	0.9988
1.0008	0.9994
1.0008	1.0000
1.0009	1.0001
1.0009	1.0005
1.0010	1.0009
1.0010	1.0010
1.0010	1.0010
1.0010	0.8715
1.0011	1.0007
1.0011	1.0004
1.0016	1.0011
1.0016	1.0008
1.0017	1.0011
1.0017	0.9981
1.0017	1.0000
1.0018	1.0018
1.0019	0.9473
1.0020	0.9986
1.0020	0.6206
1.0023	1.0023
1.0025	0.9989
1.0025	0.9993
1.0028	1.0028
1.0031	0.9996
1.0036	0.9894
1.0039	1.0038
1.0040	1.0040
1.0041	1.0036
1.0041	1.0041
1.0041	1.0036
1.0042	1.0039
1.0051	1.0051
1.0052	1.0024
1.0053	1.0013
1.0055	1.0055
1.0055	1.0018
1.0056	1.0033
1.0058	1.0044
1.0058	1.0027
1.0059	1.0059
1.0060	1.0051
1.0060	1.0010
1.0061	1.0045
1.0061	1.0006
1.0062	1.0062
1.0062	1.0049
1.0063	1.0062
1.0063	1.0040
1.0064	1.0000
1.0071	0.9991
1.0072	1.0037
1.0074	0.9855
1.0074	1.0069
1.0076	0.9858
1.0079	0.9981
1.0085	1.0040
1.0086	1.0086
1.0086	1.0086
1.0088	1.0083
1.0088	1.0088
1.0089	1.0043
1.0094	1.0053
1.0100	1.0000
1.0102	1.0072
1.0104	1.0083
1.0105	1.0105
1.0108	0.9915
1.0109	1.0086
1.0110	1.0018
1.0111	1.0105
1.0114	1.0072
1.0115	1.0114
1.0119	1.0015
1.0121	1.0112
1.0122	1.0122
1.0122	1.0122
1.0124	1.0124
1.0125	1.0053
1.0125	1.0120
1.0125	1.0125
1.0125	1.0125
1.0127	1.0119
1.0127	1.0106
1.0129	1.0129
1.0129	0.9613
1.0130	1.0121
1.0130	0.9945
1.0131	1.0114
1.0132	1.0124
1.0134	1.0105
1.0137	0.9995
1.0139	1.0114
1.0139	1.0139
1.0142	0.9733
1.0142	0.9977
1.0144	1.0131
1.0145	0.8274
1.0147	1.0143
1.0147	0.9959
1.0148	1.0007
1.0149	1.0092
1.0152	1.0152
1.0154	1.0154
1.0155	1.0155
1.0155	1.0155
1.0156	1.0156
1.0156	1.0080
1.0159	1.0156
1.0160	0.9974
1.0160	0.9693
1.0166	1.0140
1.0168	1.0020
1.0169	1.0107
1.0170	0.9473
1.0170	1.0133
1.0175	1.0171
1.0178	1.0168
1.0180	1.0180
1.0180	1.0180
1.0184	1.0184
1.0184	1.0184
1.0187	0.9920
1.0187	0.9978
1.0191	0.8656
1.0191	1.0174
1.0194	0.9917
1.0197	1.0197
1.0199	1.0134
1.0199	1.0174
1.0200	1.0156
1.0200	1.0186
1.0202	0.9991
1.0205	1.0190
1.0206	1.0206
1.0207	1.0189
1.0210	1.0195
1.0211	1.0048
1.0211	1.0211
1.0214	1.0156
1.0216	1.0091
1.0216	1.0184
1.0217	1.0139
1.0219	1.0202
1.0220	1.0220
1.0221	1.0134
1.0228	1.0228
1.0229	1.0090
1.0240	1.0146
1.0241	1.0241
1.0243	1.0241
1.0244	0.9898
1.0248	1.0174
1.0248	1.0248
1.0250	1.0250
1.0254	1.0220
1.0256	0.9796
1.0258	1.0217
1.0259	1.0238
1.0260	0.9245
1.0260	1.0190
1.0262	1.0256
1.0269	1.0096
1.0274	1.0230
1.0275	1.0084
1.0276	1.0141
1.0278	1.0242
1.0283	0.9676
1.0285	1.0284
1.0286	1.0260
1.0288	0.9689
1.0288	1.0288
1.0290	1.0290
1.0290	1.0130
1.0291	1.0230
1.0291	1.0013
1.0291	1.0209
1.0294	1.0261
1.0295	1.0287
1.0296	1.0258
1.0297	1.0170
1.0299	1.0169
1.0300	1.0160
1.0301	1.0013
1.0303	1.0169
1.0303	0.8000
1.0304	1.0299
1.0306	1.0241
1.0323	1.0323
1.0326	1.0326
1.0326	1.0003
1.0332	1.0087
1.0335	1.0252
1.0343	1.0299
1.0347	1.0328
1.0349	0.9312
1.0352	1.0146
1.0353	1.0308
1.0353	1.0174
1.0356	1.0048
1.0356	1.0355
1.0360	1.0035
1.0362	1.0362
1.0367	1.0346
1.0372	1.0243
1.0373	0.9982
1.0373	1.0263
1.0376	1.0365
1.0377	1.0367
1.0378	1.0302
1.0379	0.9843
1.0381	1.0231
1.0382	1.0226
1.0383	0.8329
1.0393	1.0393
1.0398	1.0251
1.0401	0.9832
1.0404	1.0385
1.0404	0.9210
1.0406	1.0368
1.0406	1.0406
1.0411	1.0331
1.0413	1.0173
1.0420	1.0420
1.0426	1.0423
1.0433	1.0296
1.0434	1.0264
1.0435	1.0235
1.0437	1.0387
1.0438	1.0400
1.0438	1.0409
1.0439	1.0385
1.0444	1.0434
1.0444	1.0039
1.0445	1.0401
1.0449	1.0399
1.0452	1.0322
1.0454	1.0454
1.0457	1.0439
1.0459	1.0445
1.0461	1.0456
1.0464	1.0235
1.0468	1.0448
1.0469	1.0384
1.0473	1.0108
1.0478	1.0442
1.0482	1.0391
1.0486	1.0098
1.0486	1.0453
1.0492	1.0410
1.0495	1.0189
1.0497	1.0411
1.0498	1.0132
1.0500	1.0388
1.0503	1.0449
1.0514	1.0319
1.0515	1.0515
1.0516	0.9782
1.0517	1.0501
1.0518	1.0417
1.0526	1.0000
1.0528	1.0528
1.0528	1.0091
1.0530	1.0127
1.0531	0.8823
1.0532	1.0532
1.0535	0.9882
1.0539	1.0263
1.0539	1.0449
1.0545	1.0189
1.0551	1.0452
1.0553	1.0553
1.0571	1.0078
1.0575	1.0575
1.0600	1.0325
1.0602	1.0602
1.0609	0.9986
1.0615	1.0107
1.0626	1.0626
1.0634	1.0589
1.0636	1.0355
1.0647	1.0340
1.0654	1.0654
1.0655	1.0475
1.0667	1.0001
1.0668	1.0641
1.0680	1.0570
1.0687	1.0481
1.0689	0.9520
1.0689	1.0654
1.0691	1.0686
1.0711	1.0711
1.0714	1.0696
1.0715	1.0672
1.0721	0.9917
1.0724	1.0703
1.0733	1.0709
1.0733	1.0728
1.0734	0.9395
1.0739	1.0734
1.0743	1.0020
1.0747	1.0747
1.0757	1.0465
1.0760	1.0217
1.0763	1.0737
1.0773	0.9943
1.0774	1.0601
1.0789	1.0238
1.0794	1.0769
1.0796	1.0229
1.0806	0.9936
1.0809	1.0648
1.0813	1.0349
1.0820	1.0820
1.0826	1.0592
1.0826	1.0803
1.0829	1.0202
1.0835	1.0835
1.0842	1.0764
1.0848	1.0205
1.0852	1.0785
1.0857	1.0220
1.0866	1.0716
1.0867	1.0685
1.0871	1.0442
1.0871	1.0871
1.0874	1.0874
1.0875	1.0255
1.0880	1.0835
1.0896	1.0896
1.0903	0.8518
1.0908	1.0718
1.0915	1.0872
1.0917	1.0917
1.0917	1.0482
1.0921	1.0863
1.0931	1.0890
1.0939	1.0939
1.0944	1.0537
1.0949	1.0274
1.0958	1.0882
1.0961	0.9829
1.0962	1.0949
1.0964	1.0700
1.0965	0.9895
1.0969	0.8756
1.0977	1.0804
1.0977	1.0246
1.0978	1.0507
1.0979	1.0138
1.0981	1.0391
1.1012	1.0026
1.1023	1.1023
1.1023	0.9235
1.1026	1.0866
1.1039	1.0831
1.1040	1.0241
1.1042	1.1042
1.1042	1.0998
1.1048	1.0518
1.1053	1.0905
1.1059	1.1050
1.1067	1.0384
1.1068	0.9120
1.1073	1.0969
1.1086	1.0682
1.1087	1.1020
1.1088	0.9199
1.1091	1.1067
1.1099	1.0406
1.1104	1.0047
1.1106	1.1075
1.1112	1.1080
1.1113	1.0621
1.1116	1.0823
1.1126	1.0448
1.1152	1.0774
1.1156	0.9762
1.1162	1.1133
1.1177	1.1176
1.1193	1.0175
1.1194	0.9955
1.1194	1.0775
1.1199	1.1126
1.1220	1.0389
1.1237	1.1170
1.1247	1.0979
1.1254	1.1201
1.1257	1.0678
1.1275	1.1219
1.1278	1.1278
1.1302	1.1302
1.1313	1.0411
1.1315	1.1315
1.1319	1.1289
1.1323	1.1166
1.1333	1.1276
1.1333	1.0968
1.1344	1.1202
1.1352	1.1281
1.1355	1.0335
1.1355	1.1332
1.1357	1.1319
1.1365	1.1069
1.1366	1.1045
1.1393	1.1393
1.1401	1.1330
1.1417	1.1387
1.1427	1.1304
1.1429	1.0985
1.1442	1.1302
1.1448	1.1448
1.1461	1.1396
1.1470	1.0725
1.1491	1.1456
1.1492	1.0471
1.1493	1.1396
1.1493	1.0367
1.1506	1.1482
1.1506	1.1347
1.1523	1.1382
1.1524	1.1512
1.1572	1.1560
1.1576	1.1441
1.1580	1.0376
1.1581	1.1572
1.1589	1.1552
1.1590	1.1576
1.1595	1.1085
1.1623	0.9087
1.1633	1.1479
1.1640	1.1284
1.1644	1.1640
1.1691	1.1691
1.1703	1.1100
1.1717	1.0154
1.1733	1.0611
1.1740	1.1111
1.1742	1.1522
1.1758	0.9887
1.1768	1.1767
1.1788	1.1755
1.1795	1.1752
1.1818	1.1192
1.1833	1.1833
1.1833	1.1833
1.1834	1.1803
1.1847	1.0731
1.1867	1.1772
1.1892	1.1828
1.1898	1.1609
1.1915	1.1915
1.1939	1.1939
1.1943	0.9257
1.1948	1.1718
1.1950	1.1624
1.1953	1.1593
1.1957	1.1810
1.1958	1.1124
1.1958	1.1287
1.1963	1.0708
1.1964	1.1713
1.1965	1.1813
1.1976	1.1450
1.1986	1.1933
1.1995	1.1995
1.2005	1.1999
1.2012	1.1976
1.2014	1.2014
1.2056	1.1047
1.2062	1.0632
1.2084	1.1698
1.2086	1.2086
1.2093	1.2090
1.2096	1.0592
1.2098	1.2098
1.2099	1.1500
1.2100	1.2099
1.2101	1.2101
1.2101	1.2099
1.2112	1.1218
1.2117	1.2116
1.2123	1.1904
1.2125	1.2109
1.2127	1.1901
1.2133	1.0019
1.2149	1.2149
1.2153	1.1390
1.2169	1.2169
1.2204	0.9989
1.2215	1.2215
1.2216	1.2216
1.2216	1.2216
1.2219	1.2219
1.2222	1.2222
1.2225	1.2225
1.2227	1.1777
1.2228	1.0252
1.2234	1.2230
1.2239	1.2055
1.2244	1.1706
1.2247	1.1646
1.2262	0.8287
1.2268	1.0887
1.2274	1.2269
1.2278	1.0431
1.2285	1.2212
1.2287	1.2287
1.2289	1.2288
1.2292	1.2197
1.2301	1.0004
1.2306	1.2306
1.2314	1.2106
1.2316	1.1404
1.2321	1.1041
1.2324	1.0005
1.2327	1.2288
1.2339	1.0010
1.2347	1.0630
1.2358	1.0797
1.2363	1.2107
1.2373	1.2373
1.2375	1.2324
1.2388	1.2384
1.2389	1.0045
1.2390	1.2370
1.2393	1.2096
1.2404	1.2399
1.2412	1.2412
1.2421	0.8298
1.2431	1.0531
1.2432	0.9343
1.2455	1.1424
1.2458	1.2352
1.2475	1.2416
1.2475	1.0161
1.2486	1.2172
1.2488	1.2367
1.2489	1.2489
1.2490	1.2205
1.2496	1.2401
1.2498	1.0016
1.2507	1.2156
1.2535	1.2535
1.2539	1.1024
1.2542	1.1993
1.2544	1.2123
1.2545	1.0820
1.2556	1.2323
1.2561	1.2300
1.2566	1.2566
1.2591	1.2285
1.2599	1.0515
1.2604	1.2349
1.2609	1.2351
1.2628	0.8498
1.2635	1.2456
1.2665	1.0980
1.2682	1.0709
1.2688	1.0040
1.2691	1.2591
1.2696	1.2695
1.2706	1.1254
1.2710	0.9659
1.2714	1.2706
1.2715	1.2421
1.2716	1.1587
1.2724	1.1677
1.2734	1.2656
1.2734	1.1238
1.2749	1.2733
1.2750	1.2498
1.2752	1.2747
1.2760	1.0403
1.2765	1.0939
1.2765	1.0663
1.2766	1.1607
1.2769	1.0835
1.2823	1.2823
1.2842	1.1085
1.2844	1.0456
1.2847	1.2847
1.2851	1.2851
1.2852	1.2616
1.2857	1.2781
1.2868	1.2868
1.2907	1.0068
1.2910	1.2872
1.2950	1.2950
1.2960	0.9562
1.2974	1.1016
1.2986	1.1945
1.3039	1.0734
1.3056	1.1468
1.3065	1.2952
1.3069	1.0110
1.3070	1.2975
1.3075	1.0842
1.3108	1.0458
1.3109	1.0176
1.3110	1.0826
1.3118	1.3108
1.3122	1.2917
1.3126	1.3097
1.3143	0.9628
1.3147	1.2674
1.3160	1.3155
1.3175	1.3175
1.3194	1.3194
1.3214	1.0518
1.3216	0.9986
1.3219	1.3219
1.3234	1.1709
1.3268	1.2542
1.3272	1.2930
1.3272	1.3272
1.3285	0.9717
1.3297	1.3130
1.3313	1.3099
1.3321	1.1304
1.3331	1.0792
1.3333	1.3068
1.3362	1.2150
1.3366	1.3366
1.3384	1.3318
1.3392	1.3302
1.3397	1.3397
1.3415	1.1593
1.3418	1.1214
1.3418	0.9342
1.3444	1.0868
1.3467	1.3282
1.3490	1.2100
1.3491	0.9955
1.3496	1.3490
1.3498	1.1495
1.3510	1.3510
1.3531	1.2706
1.3533	1.3483
1.3541	1.0742
1.3543	0.9822
1.3547	1.3547
1.3569	1.0687
1.3592	1.2727
1.3613	1.1987
1.3624	1.3624
1.3646	1.1296
1.3659	1.3659
1.3668	1.3668
1.3681	1.3247
1.3741	1.0092
1.3742	1.2778
1.3746	0.9771
1.3770	1.3140
1.3779	1.0775
1.3795	1.0549
1.3796	1.0087
1.3843	1.3416
1.3875	0.9835
1.3905	1.3365
1.3924	1.3758
1.3931	1.3931
1.3983	1.3983
1.4005	1.3872
1.4025	1.4023
1.4038	1.2724
1.4056	1.4056
1.4096	1.0430
1.4108	1.3673
1.4109	1.4109
1.4111	1.0212
1.4119	1.1746
1.4120	1.4093
1.4136	1.1389
1.4174	0.9998
1.4196	1.3978
1.4200	1.1460
1.4230	1.4223
1.4261	1.3909
1.4270	1.4053
1.4270	1.1901
1.4275	1.2073
1.4286	1.1842
1.4293	1.4293
1.4293	1.0283
1.4310	1.0036
1.4327	1.3997
1.4352	1.2944
1.4359	1.2263
1.4401	1.3688
1.4422	1.4155
1.4438	1.4253
1.4454	1.3389
1.4463	1.4356
1.4491	1.4491
1.4498	1.4498
1.4504	1.4504
1.4514	1.4394
1.4535	1.4508
1.4563	1.0023
1.4573	0.9773
1.4588	1.4138
1.4597	1.4510
1.4600	1.3552
1.4607	1.0634
1.4650	1.1960
1.4664	1.4211
1.4669	1.0087
1.4681	1.3985
1.4702	1.4654
1.4707	1.1398
1.4732	1.4732
1.4827	1.2498
1.4837	1.4578
1.4855	1.0184
1.4863	1.4713
1.4931	1.4433
1.4943	1.4912
1.4945	1.4062
1.4945	1.4062
1.4972	1.4941
1.5022	1.5021
1.5032	1.4961
1.5086	1.4996
1.5132	1.5088
1.5223	1.4858
1.5261	1.0598
1.5262	1.5242
1.5281	1.5257
1.5288	1.5272
1.5299	1.5243
1.5474	1.4700
1.5537	1.5537
1.5575	1.0814
1.5590	1.5561
1.5615	1.5615
1.5657	1.5657
1.5663	1.5443
1.5670	1.4522
1.5723	1.5053
1.5814	1.5140
1.5837	1.0029
1.5867	1.5809
1.5875	1.0030
1.5891	1.5831
1.5919	1.0043
1.5994	1.0038
1.6009	1.4340
1.6035	1.5997
1.6108	1.3687
1.6114	1.6114
1.6151	1.4728
1.6172	1.5924
1.6181	1.6180
1.6189	1.6052
1.6212	1.6212
1.6276	1.6276
1.6362	1.6014
1.6370	1.6370
1.6418	1.5041
1.6438	1.6054
1.6466	1.6466
1.6472	1.3892
1.6488	1.5936
1.6501	1.6362
1.6513	1.5926
1.6649	1.3967
1.6655	1.6655
1.6660	1.0000
1.6661	0.9998
1.6723	1.4300
1.6749	1.6005
1.6751	1.6691
1.6759	1.6651
1.6862	1.0010
1.6872	1.6628
1.6889	1.0058
1.6891	1.0055
1.6896	1.6886
1.6968	1.6895
1.7011	1.6882
1.7230	1.7126
1.7311	1.7207
1.7317	0.9999
1.7338	1.0000
1.7345	1.6994
1.7402	1.7350
1.7417	1.1865
1.7440	1.1280
1.7478	1.3625
1.7485	1.6192
1.7641	0.9333
1.7862	1.2347
1.7915	1.7915
1.8025	1.0970
1.8026	1.6914
1.8040	1.7887
1.8048	0.9316
1.8143	1.8081
1.8192	1.7951
1.8287	1.8287
1.8336	1.8239
1.8336	1.8093
1.8372	1.8372
1.8373	1.8316
1.8375	1.8375
1.8523	1.8475
1.8686	1.8421
1.8912	1.8912
1.9033	1.9033
1.9078	1.9078
1.9102	1.9102
1.9149	1.9149
1.9221	1.8720
1.9222	1.8751
1.9286	1.9286
1.9305	1.9305
1.9317	1.0352
1.9374	1.9366
1.9430	1.8710
1.9439	1.9439
1.9521	1.4425
1.9633	1.8448
2.0000	1.9861
2.0043	1.9519
2.0101	2.0101
2.0149	2.0030
2.0221	1.9938
2.0253	2.0253
2.0253	2.0253
2.0253	2.0253
2.0253	2.0253
2.0253	2.0253
2.0253	2.0253
2.0263	2.0240
2.0265	0.9935
2.0276	2.0276
2.0311	2.0311
2.0469	2.0469
2.0510	2.0510
2.0600	1.9434
2.0714	2.0496
2.0730	1.0327
2.0960	2.0930
2.0970	2.0815
2.1040	0.9977
2.1075	2.1075
2.1156	1.0040
2.1400	2.1400
2.1411	1.0698
2.1475	1.4345
2.1625	2.1620
2.1769	2.0000
2.2148	2.2148
2.2222	2.2222
2.2316	2.2316
2.2636	2.2253
2.2709	2.2673
2.2725	2.2717
2.2842	2.1832
2.2883	2.2875
2.3184	2.0293
2.3316	1.0252
2.3336	1.0252
2.3422	2.3422
2.3781	0.9457
2.3945	0.9349
2.4420	2.4334
2.4441	2.4317
2.4465	1.0471
2.4696	1.3990
2.4899	2.4762
2.4941	2.4941
2.4960	2.4960
2.5070	2.4920
2.5089	2.5089
2.5137	2.5137
2.5147	2.5147
2.5207	2.5157
2.5207	2.5157
2.5207	2.5207
2.6082	1.2081
2.6135	1.1164
2.6181	2.6084
2.6483	1.0235
2.6516	2.6516
2.7016	2.7016
2.7154	2.7154
2.7263	2.7199
2.7309	2.7217
2.7358	2.7207
2.7617	2.7617
2.7750	0.9968
2.7817	0.9975
2.8050	2.8050
2.8104	2.8069
2.8392	2.4859
2.8427	0.9983
2.8642	2.8642
2.8943	2.8730
2.9115	2.8910
2.9121	2.7222
2.9156	2.8910
2.9817	2.4511
2.9959	2.9934
3.0046	3.0041
3.0558	3.0519
3.1229	3.0511
3.1334	3.1328
3.2245	3.1395
3.2405	3.2405
3.2436	3.1625
3.4424	1.1611
3.4498	1.0123
3.4869	1.0021
3.5527	1.1994
3.6678	3.5320
3.6716	3.6716
3.7143	0.9962
3.8191	0.9235
3.8652	3.8593
3.8687	3.8687
3.9311	3.9311
3.9911	1.0901
4.0098	4.0098
4.1583	4.1356
4.3129	4.0636
4.3310	4.3310
4.3889	1.0180
4.3894	4.3319
4.4328	4.4258
4.4925	4.4390
4.6453	4.6453
4.6546	4.6140
4.7622	4.7299
4.8109	4.7644
4.8348	4.7524
4.9236	4.9236
5.3490	5.3468
5.5425	5.2878
5.8456	0.9929
5.8585	0.9933
6.0113	5.8891
6.4600	6.3333
6.6971	1.1215
7.2874	7.2874
7.6474	7.6474
8.0071	8.0071
