1.1530
1.1536
1.1616
1.1733
1.1974
1.2037
1.2105
1.2114
1.2156
1.2262
1.2324
1.2339
1.2358
1.2418
1.2486
1.2778
1.2891
1.2910
1.2935
1.2991
1.3028
1.3070
1.3122
1.3143
1.3147
1.3178
1.3265
1.3467
1.3547
1.3659
1.3668
1.3931
1.3950
1.4015
1.4108
1.4196
1.4293
1.4352
1.4533
1.4809
1.4922
1.5261
1.5455
1.5682
1.6212
1.6370
1.6655
1.6749
1.6759
1.6896
1.6968
1.7011
1.7082
1.7099
1.7230
1.7250
1.7345
1.7402
1.7440
1.7542
1.7627
1.8336
1.8929
1.9221
1.9431
1.9439
2.0149
2.0263
2.0510
2.0710
2.0960
2.2342
2.2636
2.3184
2.3422
2.4441
2.4717
2.4899
2.4960
2.5070
2.5137
2.5581
2.6516
2.7255
2.7617
2.8642
2.9121
2.9156
2.9817
3.0558
3.2405
3.2436
3.6716
3.8652
3.9311
3.9545
4.0098
4.6453
4.6546
4.7622
4.9236
6.0113
7.2874
