1.0000
1.0000
1.0000
1.0000
1.0000
1.0000
1.0000
1.0000
1.0000
1.0000
1.0000
1.0000
1.0000
1.0000
1.0000
1.0000
1.0000
1.0000
1.0000
1.0000
1.0000
1.0000
1.0000
1.0000
1.0000
1.0000
1.0000
1.0000
1.0000
1.0000
1.0000
1.0000
1.0000
1.0000
1.0000
1.0000
1.0000
1.0000
1.0000
1.0000
1.0000
1.0000
1.0000
1.0000
1.0000
1.0000
1.0000
1.0000
1.0000
1.0000
1.0000
1.0000
1.0000
1.0000
1.0000
1.0000
1.0000
1.0000
1.0000
1.0000
1.0000
1.0000
1.0000
1.0000
1.0000
1.0000
1.0000
1.0000
1.0000
1.0000
1.0000
1.0000
1.0000
1.0000
1.0000
1.0000
1.0000
1.0000
1.0000
1.0000
1.0000
1.0000
1.0000
1.0000
1.0000
1.0000
1.0000
1.0000
1.0000
1.0000
1.0000
1.0000
1.0000
1.0000
1.0000
1.0000
1.0000
1.0000
1.0000
1.0000
1.0000
1.0000
1.0000
1.0000
1.0000
1.0000
1.0000
1.0000
1.0000
1.0000
1.0000
1.0000
1.0000
1.0000
1.0000
1.0000
1.0000
1.0000
1.0000
1.0000
1.0000
1.0000
1.0000
1.0000
1.0000
1.0000
1.0000
1.0000
1.0000
1.0000
1.0000
1.0000
1.0000
1.0000
1.0000
1.0000
1.0000
1.0000
1.0000
1.0000
1.0000
1.0000
1.0000
1.0000
1.0000
1.0000
1.0000
1.0000
1.0000
1.0000
1.0000
1.0000
1.0000
1.0000
1.0000
1.0000
1.0000
1.0000
1.0000
1.0000
1.0000
1.0000
1.0000
1.0000
1.0000
1.0000
1.0000
1.0000
1.0000
1.0000
1.0000
1.0000
1.0000
1.0000
1.0000
1.0000
1.0000
1.0000
1.0000
1.0000
1.0000
1.0000
1.0000
1.0000
1.0000
1.0000
1.0000
1.0000
1.0000
1.0000
1.0000
1.0000
1.0000
1.0000
1.0000
1.0000
1.0000
1.0000
1.0000
1.0000
1.0000
1.0000
1.0000
1.0000
1.0000
1.0000
1.0000
1.0000
1.0000
1.0000
1.0000
1.0000
1.0000
1.0000
1.0000
1.0000
1.0000
1.0000
1.0000
1.0001
1.0001
1.0001
1.0001
1.0001
1.0001
1.0001
1.0001
1.0001
1.0001
1.0001
1.0001
1.0001
1.0001
1.0001
1.0001
1.0001
1.0001
1.0001
1.0001
1.0002
1.0002
1.0002
1.0002
1.0002
1.0002
1.0002
1.0002
1.0002
1.0002
1.0002
1.0002
1.0002
1.0002
1.0002
1.0002
1.0002
1.0002
1.0002
1.0002
1.0003
1.0003
1.0003
1.0003
1.0003
1.0003
1.0003
1.0003
1.0003
1.0003
1.0003
1.0003
1.0004
1.0004
1.0004
1.0004
1.0004
1.0004
1.0004
1.0005
1.0005
1.0005
1.0005
1.0005
1.0005
1.0005
1.0005
1.0005
1.0005
1.0005
1.0005
1.0006
1.0006
1.0006
1.0006
1.0006
1.0006
1.0006
1.0006
1.0007
1.0007
1.0007
1.0007
1.0007
1.0007
1.0007
1.0007
1.0007
1.0008
1.0008
1.0008
1.0008
1.0008
1.0009
1.0009
1.0009
1.0009
1.0009
1.0009
1.0009
1.0009
1.0010
1.0010
1.0010
1.0010
1.0011
1.0011
1.0011
1.0011
1.0011
1.0012
1.0012
1.0012
1.0012
1.0012
1.0012
1.0013
1.0013
1.0013
1.0013
1.0013
1.0013
1.0013
1.0013
1.0013
1.0014
1.0014
1.0014
1.0015
1.0015
1.0015
1.0015
1.0015
1.0016
1.0016
1.0016
1.0016
1.0016
1.0016
1.0016
1.0016
1.0016
1.0017
1.0017
1.0017
1.0017
1.0017
1.0017
1.0017
1.0017
1.0017
1.0017
1.0018
1.0018
1.0018
1.0018
1.0019
1.0019
1.0019
1.0019
1.0020
1.0020
1.0020
1.0021
1.0021
1.0021
1.0021
1.0022
1.0022
1.0022
1.0022
1.0022
1.0023
1.0023
1.0023
1.0023
1.0023
1.0024
1.0024
1.0024
1.0024
1.0024
1.0025
1.0026
1.0026
1.0026
1.0027
1.0027
1.0027
1.0027
1.0028
1.0028
1.0028
1.0028
1.0028
1.0028
1.0029
1.0029
1.0029
1.0029
1.0029
1.0030
1.0030
1.0030
1.0031
1.0031
1.0031
1.0031
1.0033
1.0033
1.0033
1.0033
1.0033
1.0034
1.0034
1.0035
1.0035
1.0035
1.0036
1.0036
1.0037
1.0037
1.0037
1.0037
1.0037
1.0037
1.0038
1.0038
1.0038
1.0039
1.0039
1.0039
1.0040
1.0040
1.0040
1.0042
1.0043
1.0043
1.0043
1.0043
1.0043
1.0043
1.0043
1.0044
1.0044
1.0044
1.0044
1.0044
1.0045
1.0046
1.0046
1.0046
1.0046
1.0047
1.0049
1.0050
1.0050
1.0050
1.0050
1.0050
1.0052
1.0052
1.0052
1.0052
1.0054
1.0055
1.0055
1.0056
1.0056
1.0057
1.0058
1.0058
1.0059
1.0060
1.0060
1.0060
1.0061
1.0061
1.0061
1.0061
1.0061
1.0063
1.0064
1.0065
1.0066
1.0066
1.0066
1.0067
1.0068
1.0068
1.0069
1.0069
1.0070
1.0071
1.0071
1.0071
1.0072
1.0072
1.0073
1.0073
1.0074
1.0074
1.0074
1.0074
1.0075
1.0077
1.0078
1.0079
1.0079
1.0079
1.0080
1.0083
1.0085
1.0085
1.0086
1.0086
1.0088
1.0088
1.0089
1.0091
1.0091
1.0092
1.0093
1.0094
1.0094
1.0096
1.0097
1.0097
1.0098
1.0099
1.0100
1.0103
1.0103
1.0103
1.0104
1.0104
1.0105
1.0105
1.0105
1.0107
1.0108
1.0110
1.0110
1.0111
1.0112
1.0112
1.0112
1.0115
1.0115
1.0116
1.0117
1.0118
1.0121
1.0122
1.0122
1.0123
1.0123
1.0127
1.0128
1.0129
1.0129
1.0130
1.0130
1.0131
1.0132
1.0133
1.0133
1.0133
1.0133
1.0134
1.0134
1.0134
1.0135
1.0135
1.0137
1.0139
1.0139
1.0142
1.0142
1.0146
1.0146
1.0147
1.0147
1.0148
1.0148
1.0149
1.0150
1.0150
1.0151
1.0151
1.0155
1.0155
1.0160
1.0160
1.0162
1.0163
1.0164
1.0165
1.0165
1.0166
1.0168
1.0171
1.0172
1.0172
1.0173
1.0177
1.0178
1.0179
1.0179
1.0184
1.0185
1.0185
1.0187
1.0190
1.0191
1.0191
1.0193
1.0194
1.0194
1.0197
1.0198
1.0198
1.0199
1.0200
1.0200
1.0202
1.0203
1.0205
1.0205
1.0205
1.0205
1.0206
1.0208
1.0209
1.0211
1.0213
1.0216
1.0217
1.0224
1.0225
1.0227
1.0227
1.0232
1.0232
1.0234
1.0235
1.0237
1.0243
1.0244
1.0244
1.0250
1.0251
1.0252
1.0252
1.0253
1.0255
1.0259
1.0260
1.0261
1.0265
1.0270
1.0272
1.0272
1.0276
1.0277
1.0279
1.0282
1.0285
1.0285
1.0285
1.0287
1.0288
1.0291
1.0291
1.0297
1.0298
1.0298
1.0300
1.0301
1.0304
1.0308
1.0308
1.0310
1.0312
1.0314
1.0314
1.0315
1.0318
1.0331
1.0333
1.0334
1.0339
1.0340
1.0345
1.0347
1.0347
1.0354
1.0359
1.0360
1.0360
1.0361
1.0361
1.0368
1.0370
1.0375
1.0378
1.0390
1.0391
1.0392
1.0394
1.0395
1.0396
1.0406
1.0407
1.0407
1.0408
1.0411
1.0413
1.0419
1.0430
1.0441
1.0448
1.0450
1.0456
1.0462
1.0464
1.0467
1.0477
1.0481
1.0488
1.0498
1.0498
1.0504
1.0510
1.0514
1.0518
1.0521
1.0524
1.0525
1.0528
1.0538
1.0541
1.0545
1.0556
1.0558
1.0559
1.0559
1.0566
1.0569
1.0571
1.0571
1.0573
1.0575
1.0575
1.0577
1.0578
1.0579
1.0581
1.0584
1.0584
1.0584
1.0587
1.0588
1.0588
1.0597
1.0607
1.0608
1.0609
1.0613
1.0624
1.0626
1.0634
1.0642
1.0644
1.0649
1.0651
1.0652
1.0658
1.0660
1.0666
1.0676
1.0681
1.0696
1.0700
1.0700
1.0706
1.0708
1.0716
1.0722
1.0722
1.0724
1.0729
1.0735
1.0744
1.0750
1.0769
1.0781
1.0781
1.0798
1.0801
1.0809
1.0820
1.0823
1.0824
1.0825
1.0862
1.0863
1.0875
1.0875
1.0878
1.0907
1.0915
1.0929
1.0939
1.0941
1.0948
1.0953
1.0956
1.0956
1.0971
1.0974
1.0999
1.1000
1.1010
1.1011
1.1011
1.1019
1.1020
1.1020
1.1037
1.1048
1.1054
1.1066
1.1112
1.1132
1.1150
1.1153
1.1155
1.1163
1.1164
1.1171
1.1173
1.1190
1.1191
1.1201
1.1207
1.1221
1.1230
1.1234
1.1242
1.1269
1.1280
1.1289
1.1294
1.1307
1.1314
1.1315
1.1322
1.1325
1.1380
1.1421
1.1424
1.1432
1.1440
1.1455
1.1466
1.1487
1.1497
1.1498
1.1500
1.1502
1.1512
1.1514
1.1524
1.1543
1.1561
1.1563
1.1566
1.1571
1.1594
1.1606
1.1618
1.1623
1.1642
1.1642
1.1652
1.1670
1.1678
1.1682
1.1683
1.1688
1.1692
1.1692
1.1706
1.1710
1.1732
1.1744
1.1749
1.1758
1.1762
1.1766
1.1792
1.1797
1.1811
1.1812
1.1832
1.1833
1.1854
1.1860
1.1870
1.1889
1.1900
1.1915
1.1924
1.1970
1.1999
1.2023
1.2036
1.2063
1.2098
1.2104
1.2116
1.2117
1.2130
1.2137
1.2154
1.2177
1.2186
1.2194
1.2199
1.2199
1.2207
1.2208
1.2230
1.2232
1.2243
1.2247
1.2264
1.2265
1.2266
1.2267
1.2274
1.2284
1.2289
1.2305
1.2305
1.2313
1.2314
1.2320
1.2341
1.2356
1.2372
1.2389
1.2401
1.2407
1.2446
1.2458
1.2466
1.2478
1.2518
1.2522
1.2529
1.2532
1.2545
1.2588
1.2622
1.2633
1.2633
1.2640
1.2661
1.2665
1.2667
1.2704
1.2711
1.2744
1.2755
1.2760
1.2781
1.2817
1.2817
1.2870
1.2871
1.2872
1.2882
1.2896
1.2937
1.2983
1.3015
1.3119
1.3173
1.3175
1.3180
1.3234
1.3264
1.3272
1.3354
1.3355
1.3385
1.3390
1.3391
1.3433
1.3438
1.3449
1.3454
1.3519
1.3521
1.3537
1.3558
1.3562
1.3565
1.3566
1.3609
1.3620
1.3642
1.3651
1.3692
1.3694
1.3752
1.3761
1.3762
1.3785
1.3805
1.3805
1.3817
1.3820
1.3883
1.3898
1.3961
1.3962
1.3985
1.4004
1.4028
1.4036
1.4143
1.4178
1.4251
1.4299
1.4390
1.4439
1.4456
1.4503
1.4537
1.4562
1.4636
1.4716
1.4765
1.4804
1.4844
1.4916
1.4932
1.5072
1.5275
1.5327
1.5350
1.5515
1.5527
1.5544
1.5696
1.5796
1.5978
1.6176
1.6250
1.6274
1.6313
1.6566
1.6583
1.6583
1.6583
1.6592
1.6592
1.6596
1.6635
1.6662
1.6749
1.6830
1.6832
1.7163
1.7927
1.8245
1.8310
1.8363
2.0763
2.2013
2.3167
2.3272
2.3291
2.3575
2.3843
2.3852
2.5835
2.6589
3.1849
3.2061
3.4197
3.6111
3.7321
4.0816
4.1022
6.0007
