0.5010
0.5077
0.6329
0.6332
0.6481
0.6489
0.6540
0.6742
0.6777
0.7499
0.7944
0.8079
0.8080
0.8760
0.8881
0.8917
0.8924
0.9009
0.9092
0.9104
0.9321
0.9354
0.9358
0.9407
0.9448
0.9466
0.9468
0.9513
0.9549
0.9562
0.9564
0.9594
0.9616
0.9660
0.9669
0.9709
0.9740
0.9742
0.9775
0.9777
0.9801
0.9811
0.9827
0.9861
0.9862
0.9892
0.9898
0.9915
0.9948
0.9950
0.9959
0.9961
0.9972
0.9978
0.9986
0.9993
1.0000
1.0000
1.0000
1.0003
1.0010
1.0011
1.0030
1.0037
1.0047
1.0048
1.0051
1.0062
1.0067
1.0174
1.0214
1.0241
1.0246
1.0328
1.0336
1.0376
1.0400
1.0402
1.0411
1.0417
1.0439
1.0611
1.0868
1.1387
1.1482
1.1522
1.1904
1.2073
1.2252
1.2403
1.2421
1.2975
1.3105
1.3262
1.3547
1.3624
1.3692
1.3896
1.4413
1.6212
1.6806
1.6882
1.9305
1.9439
2.0510
2.0930
2.2084
2.3422
2.4317
2.4762
2.4960
2.5137
2.6226
2.6516
2.7222
2.8910
3.0519
3.2405
3.8593
4.0098
4.6453
4.9236
5.8891
7.2874
