0.0787	0.0786
0.1585	0.1552
0.1844	0.1505
0.2306	0.2305
0.2592	0.2584
0.3217	0.3135
0.4254	0.4002
0.4309	0.3542
0.4466	0.3474
0.4614	0.4569
0.4895	0.4895
0.5024	0.4937
0.5229	0.5133
0.5330	0.4323
0.5490	0.5481
0.5593	0.5274
0.5949	0.5934
0.5969	0.5919
0.5991	0.5835
0.6001	0.4926
0.6091	0.5627
0.6322	0.6322
0.6360	0.6360
0.6400	0.4307
0.6492	0.6489
0.6859	0.6619
0.6918	0.6779
0.7017	0.6949
0.7037	0.7037
0.7171	0.7171
0.7219	0.5918
0.7221	0.7221
0.7226	0.6680
0.7343	0.7343
0.7451	0.6578
0.7522	0.7445
0.7541	0.5802
0.7544	0.5994
0.7560	0.7560
0.7588	0.7063
0.7636	0.5872
0.7727	0.7654
0.7757	0.7757
0.7823	0.7706
0.7861	0.7860
0.7879	0.6924
0.7954	0.7943
0.8017	0.7733
0.8040	0.8040
0.8050	0.6699
0.8129	0.7607
0.8129	0.7203
0.8144	0.8124
0.8155	0.8155
0.8184	0.8184
0.8223	0.8146
0.8242	0.7462
0.8294	0.8294
0.8302	0.8283
0.8351	0.8321
0.8386	0.5370
0.8516	0.8083
0.8551	0.6570
0.8557	0.8536
0.8568	0.8521
0.8569	0.8569
0.8571	0.8571
0.8584	0.8252
0.8596	0.8596
0.8611	0.8539
0.8624	0.8476
0.8708	0.8692
0.8809	0.8805
0.8822	0.8805
0.8823	0.8823
0.8827	0.8770
0.8836	0.8836
0.8845	0.8839
0.8882	0.7524
0.8896	0.8842
0.8946	0.8909
0.8995	0.8975
0.9032	0.8175
0.9096	0.9096
0.9113	0.9113
0.9116	0.9047
0.9186	0.9153
0.9212	0.9212
0.9242	0.8348
0.9287	0.9132
0.9299	0.9299
0.9317	0.9207
0.9327	0.9195
0.9330	0.9330
0.9352	0.9185
0.9373	0.9373
0.9380	0.7687
0.9388	0.9325
0.9402	0.8465
0.9406	0.9406
0.9413	0.9413
0.9431	0.8663
0.9436	0.8012
0.9453	0.9453
0.9472	0.9291
0.9474	0.9474
0.9481	0.9481
0.9493	0.9112
0.9498	0.9472
0.9501	0.9449
0.9509	0.9333
0.9515	0.9511
0.9544	0.9265
0.9563	0.8005
0.9594	0.8632
0.9600	0.9600
0.9620	0.9620
0.9637	0.9510
0.9654	0.9654
0.9670	0.9505
0.9671	0.9588
0.9676	0.9673
0.9715	0.9700
0.9724	0.9724
0.9725	0.9626
0.9749	0.9346
0.9754	0.9463
0.9754	0.9754
0.9764	0.9731
0.9774	0.9127
0.9782	0.9764
0.9790	0.8771
0.9792	0.7554
0.9793	0.9793
0.9794	0.9765
0.9810	0.9770
0.9833	0.9541
0.9835	0.9232
0.9840	0.9799
0.9847	0.9847
0.9848	0.9846
0.9849	0.9849
0.9863	0.9863
0.9868	0.9816
0.9869	0.9819
0.9869	0.9869
0.9871	0.9871
0.9872	0.9686
0.9888	0.9876
0.9890	0.9579
0.9893	0.9893
0.9901	0.9282
0.9906	0.9906
0.9913	0.9913
0.9915	0.9915
0.9918	0.9913
0.9946	0.9946
0.9948	0.9919
0.9953	0.9953
0.9956	0.9956
0.9957	0.9932
0.9958	0.9957
0.9965	0.9944
0.9967	0.9845
0.9968	0.9968
0.9978	0.9621
0.9989	0.9976
0.9990	0.9980
0.9991	0.9991
0.9994	0.9980
0.9995	0.9987
0.9995	0.9995
0.9997	0.9996
0.9997	0.9995
0.9997	0.9974
0.9999	0.9968
0.9999	0.9995
1.0000	0.9999
1.0000	0.9971
1.0000	1.0000
1.0000	1.0000
1.0000	0.9999
1.0001	1.0001
1.0002	0.9998
1.0002	1.0000
1.0003	1.0003
1.0005	1.0001
1.0006	1.0006
1.0006	1.0006
1.0007	1.0003
1.0007	1.0005
1.0008	1.0006
1.0008	1.0000
1.0009	0.9989
1.0009	0.9972
1.0012	0.9955
1.0012	1.0010
1.0013	1.0013
1.0013	1.0013
1.0015	1.0002
1.0016	0.9988
1.0016	1.0016
1.0016	1.0000
1.0017	1.0009
1.0019	0.8279
1.0019	1.0016
1.0019	0.9886
1.0019	1.0019
1.0021	1.0007
1.0022	0.9542
1.0022	1.0022
1.0023	0.9956
1.0023	1.0021
1.0025	1.0025
1.0025	1.0025
1.0026	1.0002
1.0027	1.0025
1.0027	1.0026
1.0027	0.9930
1.0027	1.0027
1.0030	0.9575
1.0034	1.0008
1.0035	1.0017
1.0035	0.9764
1.0037	1.0006
1.0038	0.9967
1.0041	0.9925
1.0043	1.0025
1.0043	0.9939
1.0044	1.0044
1.0046	0.8745
1.0047	1.0023
1.0048	0.9885
1.0049	1.0007
1.0049	1.0049
1.0049	1.0041
1.0051	1.0051
1.0053	1.0053
1.0053	0.9726
1.0053	1.0036
1.0054	1.0054
1.0055	0.9919
1.0055	1.0036
1.0058	1.0058
1.0062	1.0062
1.0064	0.9847
1.0064	1.0055
1.0065	0.9881
1.0069	1.0069
1.0069	1.0069
1.0069	0.9996
1.0069	1.0069
1.0073	0.9810
1.0074	1.0074
1.0074	1.0049
1.0075	1.0010
1.0075	0.9946
1.0075	1.0075
1.0077	0.9973
1.0077	1.0047
1.0078	1.0033
1.0078	1.0078
1.0078	0.9939
1.0078	1.0013
1.0081	1.0081
1.0083	1.0005
1.0085	0.9947
1.0088	1.0033
1.0092	1.0092
1.0093	1.0050
1.0095	1.0090
1.0096	1.0054
1.0099	0.9991
1.0099	1.0099
1.0106	1.0086
1.0106	1.0105
1.0106	1.0101
1.0107	1.0095
1.0110	1.0110
1.0113	1.0065
1.0117	1.0105
1.0117	0.9969
1.0117	1.0037
1.0119	1.0108
1.0120	1.0120
1.0120	1.0110
1.0127	1.0110
1.0128	1.0128
1.0128	1.0122
1.0130	1.0044
1.0130	0.9987
1.0131	1.0131
1.0134	1.0134
1.0135	1.0068
1.0135	0.9312
1.0135	1.0135
1.0136	0.9960
1.0138	1.0138
1.0140	1.0104
1.0143	1.0110
1.0143	1.0111
1.0144	1.0123
1.0144	1.0139
1.0146	1.0142
1.0150	1.0138
1.0151	1.0134
1.0153	1.0153
1.0154	1.0119
1.0156	1.0156
1.0157	1.0157
1.0159	0.9552
1.0160	1.0028
1.0160	1.0160
1.0163	1.0140
1.0163	1.0057
1.0166	1.0002
1.0167	0.8744
1.0169	1.0112
1.0173	1.0080
1.0173	1.0151
1.0177	0.8873
1.0178	1.0178
1.0180	1.0180
1.0182	1.0002
1.0182	1.0069
1.0182	1.0124
1.0183	1.0183
1.0185	1.0185
1.0186	0.9964
1.0189	1.0189
1.0190	1.0132
1.0191	1.0132
1.0192	1.0182
1.0195	1.0124
1.0196	0.9232
1.0197	1.0195
1.0200	1.0182
1.0201	1.0176
1.0202	1.0162
1.0204	1.0167
1.0208	1.0208
1.0209	0.9991
1.0209	1.0195
1.0210	1.0209
1.0210	1.0210
1.0211	1.0107
1.0219	1.0042
1.0220	1.0195
1.0224	1.0162
1.0225	1.0225
1.0225	1.0016
1.0226	0.9094
1.0227	1.0112
1.0230	1.0066
1.0231	1.0205
1.0232	1.0022
1.0234	1.0222
1.0235	1.0182
1.0237	1.0194
1.0239	1.0239
1.0239	1.0039
1.0243	0.7221
1.0243	1.0126
1.0243	1.0053
1.0250	1.0223
1.0253	0.9974
1.0255	1.0249
1.0256	1.0256
1.0257	1.0064
1.0259	1.0178
1.0263	1.0228
1.0263	1.0240
1.0270	1.0270
1.0274	1.0253
1.0274	1.0106
1.0277	1.0107
1.0277	1.0220
1.0278	1.0171
1.0279	1.0064
1.0283	1.0004
1.0284	1.0124
1.0284	1.0094
1.0286	1.0228
1.0294	1.0294
1.0298	1.0144
1.0299	1.0264
1.0299	1.0141
1.0299	1.0223
1.0306	1.0240
1.0308	1.0287
1.0310	1.0310
1.0318	1.0267
1.0318	1.0262
1.0326	1.0270
1.0330	1.0330
1.0331	0.9917
1.0332	1.0071
1.0336	1.0306
1.0336	1.0336
1.0341	1.0068
1.0342	1.0022
1.0343	1.0085
1.0349	1.0349
1.0352	1.0203
1.0357	1.0357
1.0357	1.0235
1.0357	0.9878
1.0358	1.0323
1.0367	1.0264
1.0376	0.9767
1.0380	0.9865
1.0381	1.0314
1.0382	0.8397
1.0384	1.0130
1.0388	1.0105
1.0389	1.0032
1.0392	1.0333
1.0395	1.0381
1.0397	1.0397
1.0403	0.6799
1.0411	1.0112
1.0411	1.0408
1.0414	0.9877
1.0417	0.9991
1.0428	1.0420
1.0437	1.0217
1.0440	1.0128
1.0445	1.0024
1.0446	0.7967
1.0458	1.0441
1.0458	1.0396
1.0465	0.9821
1.0472	1.0087
1.0473	1.0438
1.0474	1.0199
1.0480	1.0117
1.0480	1.0480
1.0487	0.9859
1.0487	0.9955
1.0492	0.9859
1.0494	0.9869
1.0501	1.0385
1.0511	0.9547
1.0516	0.8518
1.0518	1.0418
1.0522	1.0522
1.0523	1.0410
1.0524	1.0524
1.0525	1.0525
1.0527	1.0209
1.0531	1.0272
1.0535	0.9928
1.0540	1.0540
1.0544	1.0544
1.0548	1.0280
1.0548	1.0471
1.0552	1.0427
1.0558	0.9478
1.0563	1.0563
1.0564	1.0325
1.0568	1.0481
1.0584	1.0542
1.0592	0.9265
1.0593	0.9967
1.0594	1.0559
1.0601	1.0601
1.0612	0.9709
1.0612	1.0038
1.0616	1.0518
1.0618	1.0618
1.0621	1.0619
1.0636	1.0264
1.0646	1.0114
1.0647	1.0616
1.0649	1.0429
1.0657	0.9683
1.0665	1.0568
1.0668	1.0668
1.0681	0.9903
1.0683	1.0683
1.0684	1.0030
1.0684	1.0684
1.0692	0.9392
1.0695	1.0628
1.0704	1.0614
1.0720	1.0720
1.0722	1.0478
1.0729	0.9683
1.0730	1.0650
1.0732	1.0710
1.0736	1.0686
1.0736	1.0736
1.0755	1.0591
1.0758	1.0276
1.0760	1.0741
1.0768	1.0710
1.0772	1.0731
1.0779	1.0779
1.0782	1.0776
1.0786	1.0740
1.0788	1.0526
1.0791	1.0493
1.0798	1.0798
1.0801	0.6539
1.0803	1.0803
1.0809	1.0790
1.0819	1.0790
1.0830	1.0300
1.0834	1.0318
1.0835	1.0835
1.0842	0.6882
1.0843	1.0812
1.0846	1.0610
1.0856	0.9641
1.0857	1.0249
1.0861	1.0861
1.0861	1.0394
1.0862	1.0567
1.0872	1.0038
1.0877	1.0803
1.0881	1.0834
1.0890	1.0813
1.0910	1.0766
1.0911	1.0895
1.0914	1.0760
1.0914	1.0553
1.0923	1.0463
1.0931	1.0931
1.0947	1.0571
1.0954	1.0954
1.0956	1.0422
1.0959	1.0863
1.0966	1.0575
1.0977	1.0847
1.0980	1.0701
1.0982	1.0942
1.0983	1.0619
1.0984	0.9971
1.0985	1.0951
1.0985	0.7130
1.0986	1.0986
1.0991	1.0854
1.0992	1.0217
1.0997	1.0862
1.1002	1.0813
1.1016	1.0862
1.1018	1.0545
1.1026	1.0070
1.1027	1.0741
1.1030	1.1019
1.1033	0.9887
1.1035	1.1035
1.1040	1.1040
1.1041	1.1021
1.1045	1.1045
1.1051	1.1047
1.1052	1.0470
1.1062	1.0597
1.1064	1.0215
1.1078	1.1064
1.1086	1.1086
1.1089	1.0814
1.1104	1.0686
1.1111	1.1111
1.1111	1.0649
1.1122	1.0928
1.1124	1.0983
1.1124	1.1051
1.1133	1.0892
1.1134	0.8603
1.1139	1.1077
1.1147	1.1144
1.1150	1.1084
1.1151	1.1151
1.1151	1.1151
1.1154	1.0671
1.1160	0.9945
1.1172	1.1172
1.1181	1.0807
1.1182	1.1084
1.1184	1.1184
1.1190	1.1190
1.1194	1.1168
1.1197	1.1197
1.1202	1.0574
1.1202	1.1202
1.1208	1.0820
1.1213	1.1213
1.1215	1.1133
1.1227	1.1227
1.1238	1.1195
1.1239	1.1239
1.1241	0.9229
1.1243	1.1243
1.1243	1.1243
1.1251	1.1251
1.1252	1.0535
1.1255	1.0400
1.1257	1.0293
1.1259	1.0974
1.1262	1.1093
1.1265	1.0108
1.1266	1.0609
1.1271	1.1244
1.1272	1.1251
1.1274	1.1264
1.1279	1.1213
1.1288	1.0824
1.1290	1.1282
1.1300	1.1233
1.1305	1.1305
1.1317	1.1264
1.1322	1.1322
1.1322	1.1322
1.1327	1.1309
1.1329	1.1329
1.1335	1.0748
1.1357	1.1279
1.1369	1.1311
1.1371	1.1309
1.1387	1.1324
1.1387	1.1362
1.1388	1.1344
1.1391	1.1323
1.1393	1.0912
1.1404	1.1404
1.1416	1.1416
1.1421	1.0914
1.1429	1.0100
1.1433	1.1433
1.1435	1.0562
1.1449	1.1449
1.1461	1.1271
1.1494	1.1494
1.1499	1.1499
1.1502	1.1352
1.1522	1.1483
1.1527	0.9240
1.1535	1.1505
1.1548	0.9898
1.1559	1.1538
1.1561	1.0001
1.1574	1.1485
1.1576	1.1527
1.1592	1.1545
1.1603	1.1481
1.1603	1.1506
1.1604	1.1224
1.1606	1.1451
1.1614	1.0411
1.1628	1.1203
1.1650	1.0021
1.1663	1.1366
1.1672	1.1672
1.1675	1.1540
1.1709	1.1709
1.1721	1.1686
1.1726	1.0516
1.1746	1.1746
1.1788	1.1788
1.1790	1.0234
1.1809	1.0938
1.1819	1.0336
1.1822	1.1318
1.1823	1.1717
1.1825	1.0517
1.1829	1.0921
1.1833	1.1312
1.1842	1.1695
1.1843	1.1843
1.1843	1.0157
1.1845	1.1845
1.1848	0.8978
1.1854	1.0280
1.1857	1.1078
1.1861	1.1370
1.1870	1.1413
1.1880	1.1766
1.1883	1.0541
1.1890	1.0915
1.1895	1.1895
1.1898	1.1898
1.1914	1.1497
1.1915	1.1845
1.1916	1.1916
1.1921	1.1190
1.1951	1.1726
1.1953	1.1938
1.1961	1.1961
1.1968	1.1950
1.1969	1.1724
1.1970	1.1614
1.1973	1.1973
1.1979	1.1506
1.1985	1.1981
1.1999	1.1988
1.2000	1.1968
1.2004	1.1969
1.2006	1.0024
1.2012	1.1986
1.2015	1.1997
1.2019	1.1627
1.2037	1.2006
1.2040	1.1559
1.2051	1.0112
1.2052	1.2003
1.2083	1.1538
1.2094	1.1916
1.2096	1.2096
1.2106	0.9982
1.2109	1.2100
1.2114	1.0016
1.2117	1.2043
1.2125	1.2095
1.2137	0.9991
1.2139	1.1899
1.2146	1.2076
1.2165	1.1137
1.2182	1.1112
1.2182	1.2182
1.2188	1.2013
1.2196	0.9993
1.2206	1.0000
1.2206	1.1722
1.2209	1.0452
1.2213	1.0000
1.2215	1.0010
1.2215	1.0010
1.2219	1.2149
1.2231	1.2231
1.2235	1.1008
1.2248	1.2058
1.2263	1.0451
1.2286	1.0802
1.2300	1.0018
1.2301	1.2250
1.2305	1.0643
1.2313	1.0903
1.2320	1.0474
1.2320	1.0474
1.2337	1.2337
1.2386	1.2386
1.2388	0.9044
1.2388	1.0199
1.2391	1.2292
1.2391	1.2376
1.2422	1.2416
1.2429	1.2212
1.2432	1.0016
1.2459	1.1313
1.2492	1.2370
1.2516	1.2492
1.2525	1.0457
1.2527	1.2445
1.2558	1.0519
1.2565	1.2565
1.2571	1.1435
1.2578	1.2578
1.2587	1.2458
1.2593	1.1308
1.2599	0.9782
1.2606	0.9403
1.2615	1.1105
1.2633	1.2633
1.2634	1.2062
1.2634	1.2634
1.2635	1.2094
1.2642	1.2642
1.2649	1.2430
1.2675	1.2143
1.2695	1.2673
1.2699	1.2699
1.2749	1.2749
1.2754	1.2754
1.2754	1.2736
1.2766	1.2747
1.2774	1.2774
1.2781	1.1664
1.2788	1.2057
1.2820	0.9791
1.2831	1.1002
1.2840	1.2746
1.2848	1.0855
1.2854	1.2745
1.2863	1.1841
1.2888	1.2873
1.2894	0.9911
1.2904	1.2904
1.2904	1.1620
1.2920	1.2910
1.2938	1.2755
1.2939	0.9027
1.2946	1.0759
1.2995	1.2859
1.2997	1.0394
1.2998	0.8376
1.3054	1.3042
1.3063	1.2698
1.3072	1.1536
1.3081	1.2972
1.3089	1.3089
1.3094	1.1158
1.3101	1.0263
1.3109	1.2741
1.3111	1.3109
1.3114	1.3114
1.3116	1.3116
1.3120	1.2766
1.3134	1.2445
1.3147	1.3144
1.3153	1.2813
1.3165	1.3165
1.3179	1.2737
1.3182	1.3176
1.3204	1.3036
1.3206	1.2582
1.3237	1.0605
1.3243	1.3243
1.3266	0.9044
1.3282	1.1477
1.3288	1.2468
1.3288	1.2468
1.3289	1.1105
1.3289	1.1337
1.3293	1.3245
1.3303	1.3108
1.3319	1.3305
1.3336	1.3103
1.3353	1.3353
1.3382	1.2523
1.3390	0.9933
1.3396	1.3306
1.3400	1.3331
1.3407	1.1607
1.3416	1.0309
1.3421	1.3421
1.3448	1.1187
1.3455	1.1187
1.3488	1.3488
1.3501	1.3492
1.3507	1.3507
1.3512	1.1193
1.3574	1.3571
1.3609	1.3609
1.3615	1.1938
1.3619	1.3619
1.3628	1.3628
1.3629	1.3629
1.3630	1.3304
1.3632	1.0048
1.3634	1.1900
1.3638	1.3587
1.3699	1.2731
1.3711	1.0035
1.3717	1.3629
1.3731	1.2854
1.3738	1.3734
1.3743	1.0728
1.3750	1.0181
1.3750	1.3031
1.3758	1.1439
1.3763	1.2236
1.3783	1.3783
1.3786	1.3732
1.3794	1.2550
1.3799	0.9968
1.3810	1.0079
1.3890	1.1130
1.3894	1.3887
1.3894	1.3502
1.3898	1.3894
1.3902	1.0884
1.3903	1.3885
1.3923	1.0162
1.3927	1.1009
1.3974	1.0132
1.3988	1.3768
1.4002	1.3344
1.4013	1.2279
1.4013	1.0622
1.4060	1.1092
1.4065	1.2866
1.4074	1.1776
1.4080	1.4039
1.4084	1.1392
1.4142	1.3584
1.4177	1.4177
1.4216	1.4032
1.4246	0.9996
1.4264	1.0017
1.4267	1.2440
1.4321	1.2669
1.4329	1.3923
1.4342	1.4342
1.4343	1.3908
1.4348	1.0759
1.4399	1.0017
1.4452	1.0275
1.4493	1.2657
1.4508	1.0011
1.4525	1.4496
1.4539	1.3805
1.4616	1.3507
1.4626	1.3792
1.4660	1.4588
1.4681	1.0714
1.4690	1.2814
1.4691	1.4587
1.4707	1.4707
1.4738	1.4729
1.4744	1.4641
1.4746	1.1828
1.4768	1.4196
1.4769	1.4766
1.4793	1.0934
1.4849	1.4758
1.4859	1.0394
1.4863	1.2748
1.4872	1.4372
1.4880	1.4880
1.4883	1.4880
1.4894	1.3208
1.4935	1.4822
1.4952	1.1285
1.4969	1.2801
1.4983	1.4551
1.5031	1.4969
1.5081	1.4814
1.5087	1.0185
1.5195	1.5092
1.5201	1.5000
1.5274	1.4143
1.5277	1.5191
1.5290	1.0930
1.5312	1.5287
1.5333	1.1076
1.5353	1.5184
1.5359	1.5026
1.5365	1.2480
1.5390	1.1868
1.5487	1.5487
1.5585	1.5461
1.5631	1.5292
1.5655	1.1102
1.5707	1.1046
1.5812	0.9985
1.5813	1.4153
1.5814	1.4139
1.5835	1.4932
1.5854	1.5663
1.5895	1.3268
1.5916	1.5916
1.5942	1.4825
1.5945	1.5868
1.6028	1.6028
1.6029	1.1596
1.6031	1.4811
1.6048	1.0000
1.6074	1.6030
1.6151	1.0137
1.6154	1.6154
1.6199	1.6199
1.6213	1.4292
1.6265	1.0774
1.6296	1.6296
1.6325	1.4184
1.6341	1.5858
1.6358	1.4188
1.6374	1.3690
1.6392	1.5995
1.6463	1.6463
1.6467	1.6438
1.6469	1.6175
1.6520	1.5764
1.6569	1.6569
1.6610	1.3903
1.6619	1.6619
1.6637	1.1882
1.6671	1.5929
1.6758	1.6657
1.6771	1.0111
1.6838	1.6525
1.6844	1.6802
1.6854	1.5784
1.7021	1.6817
1.7044	1.6937
1.7046	1.4911
1.7094	1.7094
1.7108	1.7094
1.7126	1.7099
1.7187	1.5816
1.7233	1.7233
1.7240	1.0091
1.7270	1.7229
1.7281	1.6052
1.7282	1.7282
1.7338	1.2991
1.7397	1.7397
1.7418	1.7325
1.7444	1.7444
1.7504	1.5984
1.7566	1.7460
1.7670	1.7590
1.7736	1.6988
1.7785	1.7550
1.7789	1.7741
1.8125	1.0116
1.8126	1.5926
1.8148	1.7927
1.8187	1.1227
1.8253	0.9585
1.8351	1.6321
1.8365	1.8177
1.8557	1.8502
1.8731	1.8679
1.8751	1.8303
1.8792	1.8792
1.8882	1.8882
1.8883	1.8883
1.8936	1.8936
1.9071	1.8936
1.9192	1.9192
1.9375	1.8920
1.9398	1.9398
1.9775	1.5879
1.9936	1.9624
1.9951	1.9567
2.0017	2.0017
2.0041	1.9633
2.0210	2.0159
2.0586	2.0586
2.0678	1.0854
2.0707	2.0707
2.0732	0.9935
2.1005	2.1005
2.1561	2.1561
2.1727	2.1727
2.1805	2.1787
2.1840	2.1840
2.1856	2.1342
2.2000	2.2000
2.2151	2.1897
2.2175	2.2104
2.2222	2.2222
2.2425	2.2366
2.2440	1.0725
2.2444	2.2444
2.2458	2.2458
2.2486	1.9939
2.2495	2.2495
2.2600	2.2600
2.3116	2.2869
2.3263	2.3210
2.3315	1.0048
2.3449	1.0316
2.3469	1.0316
2.3747	2.3747
2.4338	2.4196
2.4815	2.4420
2.5152	2.4995
2.5162	2.4979
2.5814	2.5227
2.6058	2.6058
2.6271	1.1211
2.6281	1.1213
2.6298	2.5537
2.6368	2.3646
2.6531	2.6531
2.6602	2.6602
2.6790	2.6790
2.7106	1.1246
2.7270	2.5687
2.7408	2.7396
2.7549	2.7499
2.8151	2.7898
2.8515	2.8413
2.8548	2.6086
2.8579	1.9934
2.8963	2.8963
2.8963	2.8963
2.8963	2.8963
2.8983	2.8914
2.9195	2.8856
2.9295	2.9264
2.9369	2.8810
2.9553	2.9484
2.9691	2.9168
2.9810	2.9810
2.9857	2.9715
3.0217	2.9755
3.0417	3.0416
3.0419	3.0410
3.2068	3.2068
3.2816	3.0796
3.4627	0.9989
3.6446	3.6446
3.6555	3.6555
3.6655	3.4587
3.7424	0.9137
3.7501	0.9953
3.7543	3.7517
3.7936	3.7936
3.8574	3.8493
3.8886	3.8686
3.9437	3.9437
3.9475	3.9475
4.1764	4.1764
4.2143	3.7068
4.5068	4.3867
4.6865	4.6829
5.3261	5.3261
5.5714	5.5714
6.5643	6.0382
7.7354	7.7117
7.7693	7.7689
9.9058	9.8993
12.6570	12.6570
23.7140	8.0071
