1.0000
1.0000
1.0000
1.0000
1.0000
1.0000
1.0000
1.0000
1.0000
1.0000
1.0000
1.0000
1.0000
1.0000
1.0000
1.0000
1.0000
1.0000
1.0000
1.0000
1.0000
1.0000
1.0000
1.0000
1.0000
1.0000
1.0000
1.0000
1.0000
1.0000
1.0000
1.0000
1.0000
1.0000
1.0000
1.0000
1.0000
1.0000
1.0000
1.0000
1.0000
1.0000
1.0000
1.0000
1.0000
1.0000
1.0000
1.0000
1.0000
1.0000
1.0000
1.0000
1.0000
1.0000
1.0000
1.0000
1.0000
1.0000
1.0000
1.0000
1.0000
1.0000
1.0000
1.0000
1.0000
1.0000
1.0000
1.0000
1.0000
1.0000
1.0000
1.0000
1.0000
1.0000
1.0000
1.0000
1.0000
1.0000
1.0000
1.0000
1.0000
1.0000
1.0000
1.0000
1.0000
1.0000
1.0000
1.0000
1.0000
1.0000
1.0000
1.0000
1.0000
1.0000
1.0000
1.0000
1.0000
1.0000
1.0000
1.0000
1.0000
1.0000
1.0000
1.0000
1.0000
1.0000
1.0000
1.0000
1.0000
1.0000
1.0000
1.0000
1.0000
1.0000
1.0000
1.0000
1.0000
1.0000
1.0000
1.0000
1.0000
1.0000
1.0000
1.0000
1.0000
1.0000
1.0000
1.0000
1.0000
1.0000
1.0000
1.0000
1.0000
1.0000
1.0000
1.0000
1.0000
1.0000
1.0000
1.0000
1.0000
1.0000
1.0000
1.0000
1.0000
1.0000
1.0000
1.0000
1.0000
1.0000
1.0000
1.0000
1.0000
1.0000
1.0000
1.0000
1.0000
1.0000
1.0000
1.0000
1.0000
1.0000
1.0000
1.0000
1.0000
1.0000
1.0000
1.0000
1.0000
1.0000
1.0000
1.0000
1.0000
1.0000
1.0000
1.0000
1.0000
1.0000
1.0000
1.0000
1.0000
1.0000
1.0000
1.0000
1.0000
1.0000
1.0000
1.0000
1.0000
1.0000
1.0000
1.0000
1.0000
1.0000
1.0000
1.0000
1.0000
1.0000
1.0000
1.0000
1.0000
1.0000
1.0000
1.0000
1.0000
1.0000
1.0000
1.0000
1.0000
1.0000
1.0000
1.0000
1.0000
1.0000
1.0000
1.0000
1.0000
1.0000
1.0000
1.0000
1.0000
1.0000
1.0000
1.0000
1.0000
1.0000
1.0000
1.0000
1.0000
1.0000
1.0000
1.0000
1.0000
1.0000
1.0000
1.0000
1.0000
1.0000
1.0001
1.0001
1.0001
1.0001
1.0001
1.0001
1.0001
1.0001
1.0001
1.0001
1.0001
1.0001
1.0001
1.0001
1.0002
1.0002
1.0002
1.0002
1.0002
1.0002
1.0002
1.0002
1.0002
1.0002
1.0002
1.0002
1.0002
1.0002
1.0002
1.0002
1.0002
1.0002
1.0003
1.0003
1.0003
1.0003
1.0003
1.0003
1.0003
1.0003
1.0003
1.0003
1.0003
1.0004
1.0004
1.0004
1.0004
1.0004
1.0004
1.0004
1.0004
1.0004
1.0005
1.0005
1.0005
1.0005
1.0005
1.0005
1.0005
1.0005
1.0005
1.0005
1.0005
1.0005
1.0006
1.0006
1.0006
1.0006
1.0006
1.0006
1.0006
1.0006
1.0007
1.0007
1.0007
1.0007
1.0007
1.0007
1.0007
1.0007
1.0008
1.0009
1.0009
1.0009
1.0009
1.0009
1.0009
1.0009
1.0009
1.0009
1.0009
1.0009
1.0010
1.0010
1.0010
1.0010
1.0010
1.0010
1.0010
1.0010
1.0010
1.0010
1.0010
1.0011
1.0011
1.0011
1.0011
1.0011
1.0011
1.0011
1.0011
1.0011
1.0012
1.0012
1.0012
1.0012
1.0012
1.0012
1.0012
1.0012
1.0012
1.0012
1.0012
1.0012
1.0013
1.0013
1.0013
1.0013
1.0013
1.0014
1.0014
1.0014
1.0014
1.0014
1.0014
1.0014
1.0015
1.0015
1.0015
1.0015
1.0016
1.0016
1.0016
1.0016
1.0016
1.0016
1.0017
1.0017
1.0017
1.0017
1.0017
1.0019
1.0019
1.0019
1.0019
1.0020
1.0020
1.0020
1.0020
1.0020
1.0020
1.0021
1.0021
1.0021
1.0021
1.0021
1.0021
1.0022
1.0022
1.0022
1.0023
1.0024
1.0024
1.0025
1.0025
1.0025
1.0025
1.0025
1.0026
1.0026
1.0026
1.0026
1.0027
1.0027
1.0028
1.0028
1.0028
1.0028
1.0028
1.0028
1.0029
1.0029
1.0029
1.0029
1.0029
1.0030
1.0030
1.0030
1.0031
1.0031
1.0031
1.0031
1.0032
1.0032
1.0033
1.0033
1.0033
1.0033
1.0033
1.0033
1.0034
1.0035
1.0035
1.0035
1.0036
1.0036
1.0036
1.0036
1.0036
1.0037
1.0037
1.0037
1.0038
1.0038
1.0038
1.0039
1.0039
1.0039
1.0039
1.0040
1.0040
1.0040
1.0041
1.0041
1.0042
1.0043
1.0043
1.0043
1.0044
1.0045
1.0045
1.0046
1.0046
1.0046
1.0047
1.0048
1.0048
1.0048
1.0048
1.0049
1.0050
1.0050
1.0050
1.0050
1.0052
1.0052
1.0052
1.0052
1.0052
1.0052
1.0053
1.0054
1.0054
1.0054
1.0054
1.0055
1.0055
1.0055
1.0055
1.0056
1.0056
1.0058
1.0058
1.0059
1.0059
1.0060
1.0060
1.0061
1.0061
1.0061
1.0061
1.0061
1.0061
1.0062
1.0062
1.0062
1.0063
1.0063
1.0063
1.0064
1.0064
1.0064
1.0064
1.0066
1.0066
1.0069
1.0069
1.0072
1.0073
1.0074
1.0074
1.0075
1.0077
1.0077
1.0077
1.0078
1.0078
1.0078
1.0079
1.0079
1.0079
1.0080
1.0081
1.0081
1.0081
1.0082
1.0082
1.0082
1.0083
1.0085
1.0085
1.0086
1.0086
1.0086
1.0089
1.0089
1.0090
1.0090
1.0091
1.0091
1.0092
1.0092
1.0095
1.0095
1.0096
1.0097
1.0097
1.0098
1.0099
1.0099
1.0102
1.0102
1.0102
1.0103
1.0104
1.0104
1.0104
1.0105
1.0106
1.0106
1.0106
1.0108
1.0109
1.0110
1.0110
1.0110
1.0111
1.0111
1.0112
1.0112
1.0113
1.0114
1.0115
1.0115
1.0116
1.0116
1.0117
1.0118
1.0119
1.0122
1.0123
1.0124
1.0125
1.0125
1.0127
1.0127
1.0127
1.0128
1.0129
1.0131
1.0133
1.0135
1.0135
1.0136
1.0136
1.0136
1.0138
1.0138
1.0139
1.0141
1.0142
1.0142
1.0143
1.0144
1.0145
1.0145
1.0145
1.0147
1.0150
1.0151
1.0152
1.0152
1.0153
1.0159
1.0159
1.0160
1.0163
1.0163
1.0164
1.0164
1.0165
1.0165
1.0167
1.0171
1.0171
1.0172
1.0172
1.0174
1.0175
1.0176
1.0180
1.0181
1.0181
1.0183
1.0183
1.0183
1.0185
1.0186
1.0190
1.0190
1.0191
1.0195
1.0197
1.0201
1.0211
1.0212
1.0213
1.0216
1.0220
1.0221
1.0221
1.0224
1.0226
1.0227
1.0228
1.0231
1.0231
1.0233
1.0236
1.0237
1.0237
1.0238
1.0242
1.0243
1.0245
1.0245
1.0245
1.0245
1.0246
1.0250
1.0251
1.0257
1.0260
1.0260
1.0262
1.0263
1.0269
1.0274
1.0274
1.0277
1.0277
1.0279
1.0279
1.0281
1.0282
1.0283
1.0284
1.0285
1.0286
1.0286
1.0288
1.0292
1.0293
1.0294
1.0296
1.0296
1.0300
1.0304
1.0304
1.0306
1.0309
1.0313
1.0314
1.0316
1.0317
1.0317
1.0323
1.0324
1.0327
1.0327
1.0327
1.0333
1.0337
1.0339
1.0344
1.0346
1.0348
1.0350
1.0355
1.0359
1.0365
1.0372
1.0374
1.0375
1.0375
1.0381
1.0384
1.0387
1.0388
1.0389
1.0392
1.0394
1.0396
1.0402
1.0408
1.0409
1.0411
1.0412
1.0419
1.0419
1.0423
1.0430
1.0445
1.0450
1.0451
1.0464
1.0464
1.0465
1.0466
1.0473
1.0483
1.0492
1.0494
1.0495
1.0495
1.0497
1.0499
1.0502
1.0505
1.0505
1.0506
1.0509
1.0514
1.0516
1.0521
1.0522
1.0523
1.0524
1.0525
1.0531
1.0536
1.0542
1.0543
1.0550
1.0557
1.0561
1.0562
1.0564
1.0569
1.0587
1.0589
1.0594
1.0594
1.0597
1.0597
1.0607
1.0608
1.0625
1.0627
1.0635
1.0639
1.0647
1.0649
1.0650
1.0650
1.0656
1.0662
1.0665
1.0669
1.0669
1.0676
1.0679
1.0694
1.0708
1.0708
1.0717
1.0735
1.0737
1.0739
1.0741
1.0742
1.0743
1.0748
1.0755
1.0763
1.0765
1.0770
1.0779
1.0793
1.0806
1.0809
1.0814
1.0815
1.0827
1.0827
1.0832
1.0841
1.0859
1.0871
1.0887
1.0889
1.0899
1.0923
1.0925
1.0926
1.0927
1.0931
1.0936
1.0936
1.0943
1.0943
1.0950
1.0951
1.0956
1.0975
1.0977
1.0979
1.0985
1.1026
1.1040
1.1042
1.1066
1.1070
1.1076
1.1084
1.1097
1.1109
1.1114
1.1116
1.1120
1.1138
1.1140
1.1150
1.1162
1.1173
1.1182
1.1194
1.1197
1.1213
1.1219
1.1220
1.1241
1.1242
1.1246
1.1250
1.1259
1.1283
1.1287
1.1305
1.1320
1.1320
1.1324
1.1347
1.1352
1.1378
1.1413
1.1421
1.1421
1.1452
1.1468
1.1475
1.1493
1.1493
1.1495
1.1509
1.1517
1.1544
1.1545
1.1559
1.1563
1.1584
1.1594
1.1595
1.1597
1.1601
1.1626
1.1641
1.1649
1.1659
1.1672
1.1674
1.1685
1.1689
1.1697
1.1728
1.1732
1.1788
1.1792
1.1801
1.1819
1.1846
1.1861
1.1868
1.1871
1.1885
1.1893
1.1902
1.1903
1.1920
1.1946
1.1953
1.1961
1.1984
1.1991
1.1998
1.1998
1.2007
1.2025
1.2030
1.2031
1.2034
1.2039
1.2046
1.2069
1.2072
1.2077
1.2086
1.2087
1.2097
1.2113
1.2122
1.2135
1.2139
1.2144
1.2174
1.2192
1.2192
1.2193
1.2207
1.2208
1.2226
1.2244
1.2247
1.2262
1.2276
1.2282
1.2295
1.2296
1.2301
1.2310
1.2313
1.2329
1.2358
1.2363
1.2367
1.2370
1.2388
1.2459
1.2479
1.2493
1.2503
1.2537
1.2565
1.2570
1.2595
1.2641
1.2663
1.2667
1.2675
1.2702
1.2716
1.2776
1.2790
1.2809
1.2864
1.2921
1.2953
1.3030
1.3072
1.3134
1.3156
1.3156
1.3177
1.3180
1.3189
1.3194
1.3227
1.3238
1.3258
1.3265
1.3277
1.3292
1.3294
1.3307
1.3312
1.3324
1.3326
1.3391
1.3460
1.3528
1.3531
1.3567
1.3586
1.3594
1.3599
1.3641
1.3696
1.3729
1.3732
1.3785
1.3793
1.3825
1.3826
1.3914
1.3995
1.4024
1.4035
1.4048
1.4056
1.4068
1.4116
1.4120
1.4136
1.4144
1.4236
1.4271
1.4285
1.4306
1.4316
1.4410
1.4427
1.4445
1.4447
1.4494
1.4503
1.4683
1.4815
1.4819
1.4828
1.4906
1.4983
1.5039
1.5276
1.5545
1.5637
1.5735
1.5767
1.5767
1.6009
1.6014
1.6199
1.6320
1.6653
1.6659
1.6755
1.6759
1.6761
1.6842
1.6848
1.7110
1.7372
1.7379
1.7916
1.7918
1.7965
1.9064
1.9240
2.0339
2.1015
2.1798
2.1868
2.2606
2.2758
2.3141
2.3160
2.3261
2.3635
2.3643
2.4261
2.4348
2.4422
2.4500
2.4762
2.5427
2.5443
2.9568
3.2297
3.4379
3.4512
3.4967
3.9290
4.0844
4.2377
4.2935
4.3513
5.3836
5.5354
5.8372
5.8571
5.8894
