0.0698
0.1373
0.1717
0.2104
0.2151
0.2410
0.2512
0.2531
0.2541
0.2554
0.2555
0.2670
0.2682
0.2690
0.2699
0.2779
0.2885
0.2972
0.2991
0.2995
0.3004
0.3066
0.3113
0.3206
0.3234
0.3235
0.3248
0.3257
0.3265
0.3267
0.3291
0.3300
0.3303
0.3306
0.3311
0.3326
0.3339
0.3359
0.3359
0.3368
0.3379
0.3418
0.3435
0.3435
0.3444
0.3469
0.3486
0.3495
0.3511
0.3529
0.3562
0.3588
0.3607
0.3622
0.3622
0.3648
0.3657
0.3662
0.3699
0.3709
0.3716
0.3724
0.3731
0.3756
0.3776
0.3824
0.3832
0.3852
0.3868
0.3877
0.3878
0.3891
0.3929
0.3929
0.3954
0.3969
0.4000
0.4014
0.4014
0.4014
0.4020
0.4051
0.4082
0.4086
0.4109
0.4112
0.4133
0.4133
0.4146
0.4297
0.4456
0.4456
0.4553
0.4618
0.4658
0.4682
0.4694
0.4699
0.4916
0.4927
0.4968
0.4986
0.5006
0.5011
0.5018
0.5078
0.5215
0.5223
0.5255
0.5409
0.5418
0.5434
0.5560
0.5663
0.5682
0.5695
0.5721
0.5830
0.5852
0.5893
0.5938
0.5939
0.5943
0.5960
0.5968
0.6031
0.6081
0.6168
0.6200
0.6263
0.6273
0.6321
0.6336
0.6517
0.6559
0.6605
0.6670
0.6928
0.7100
0.7142
0.7143
0.7236
0.7256
0.7359
0.7486
0.7488
0.7492
0.7505
0.7607
0.7665
0.7668
0.7675
0.7692
0.7746
0.7752
0.7766
0.7774
0.7815
0.7879
0.7892
0.7894
0.7930
0.7935
0.7943
0.8031
0.8039
0.8059
0.8064
0.8109
0.8127
0.8208
0.8230
0.8243
0.8269
0.8277
0.8304
0.8368
0.8435
0.8470
0.8470
0.8500
0.8516
0.8529
0.8542
0.8562
0.8565
0.8582
0.8599
0.8607
0.8623
0.8673
0.8683
0.8690
0.8695
0.8697
0.8702
0.8702
0.8707
0.8712
0.8712
0.8729
0.8742
0.8743
0.8756
0.8760
0.8766
0.8892
0.8921
0.8924
0.8938
0.9011
0.9032
0.9066
0.9110
0.9110
0.9148
0.9162
0.9175
0.9201
0.9232
0.9243
0.9270
0.9295
0.9299
0.9356
0.9385
0.9440
0.9461
0.9476
0.9500
0.9500
0.9513
0.9515
0.9548
0.9621
0.9676
0.9693
0.9693
0.9696
0.9705
0.9707
0.9714
0.9714
0.9781
0.9803
0.9823
0.9825
0.9848
0.9863
0.9877
0.9880
0.9898
0.9899
0.9911
0.9914
0.9948
0.9964
0.9966
0.9975
0.9991
0.9993
0.9995
0.9998
0.9998
1.0000
1.0000
1.0002
1.0004
1.0004
1.0005
1.0005
1.0011
1.0015
1.0019
1.0020
1.0023
1.0031
1.0033
1.0040
1.0044
1.0044
1.0049
1.0050
1.0050
1.0053
1.0056
1.0056
1.0062
1.0064
1.0068
1.0085
1.0094
1.0101
1.0105
1.0106
1.0107
1.0110
1.0112
1.0114
1.0114
1.0116
1.0119
1.0122
1.0124
1.0129
1.0131
1.0132
1.0132
1.0140
1.0146
1.0152
1.0156
1.0169
1.0169
1.0171
1.0189
1.0197
1.0206
1.0214
1.0228
1.0231
1.0231
1.0234
1.0246
1.0260
1.0261
1.0264
1.0274
1.0299
1.0322
1.0355
1.0368
1.0384
1.0385
1.0387
1.0396
1.0411
1.0420
1.0423
1.0432
1.0442
1.0448
1.0449
1.0449
1.0451
1.0452
1.0467
1.0473
1.0475
1.0506
1.0531
1.0547
1.0549
1.0553
1.0570
1.0571
1.0571
1.0575
1.0587
1.0589
1.0648
1.0684
1.0696
1.0734
1.0734
1.0783
1.0784
1.0792
1.0823
1.0825
1.0833
1.0863
1.0886
1.0896
1.0933
1.0939
1.0949
1.0976
1.1016
1.1024
1.1042
1.1110
1.1126
1.1195
1.1219
1.1220
1.1261
1.1274
1.1276
1.1303
1.1342
1.1396
1.1446
1.1450
1.1468
1.1552
1.1576
1.1587
1.1593
1.1623
1.1640
1.1718
1.1733
1.1754
1.1778
1.1798
1.1896
1.1917
1.1927
1.1971
1.1987
1.1999
1.2014
1.2092
1.2095
1.2096
1.2098
1.2098
1.2099
1.2100
1.2101
1.2104
1.2106
1.2156
1.2197
1.2216
1.2222
1.2225
1.2230
1.2285
1.2287
1.2288
1.2288
1.2300
1.2323
1.2323
1.2330
1.2348
1.2351
1.2352
1.2384
1.2395
1.2399
1.2498
1.2511
1.2610
1.2674
1.2747
1.2872
1.3130
1.3143
1.3268
1.3366
1.3483
1.3490
1.3547
1.3625
1.3659
1.3668
1.3758
1.3892
1.3909
1.3964
1.3967
1.3985
1.3990
1.4093
1.4138
1.4169
1.4293
1.4394
1.4433
1.4504
1.4527
1.4552
1.4912
1.4953
1.4961
1.5272
1.5809
1.6237
1.6237
1.6258
1.6370
1.6651
1.6655
1.6698
1.6755
1.6886
1.6895
1.6994
1.7069
1.7085
1.7085
1.7085
1.7085
1.7085
1.7085
1.7126
1.7224
1.7250
1.7250
1.7262
1.7331
1.7410
1.7479
1.8093
1.8287
1.8710
1.8720
1.8751
1.9265
1.9274
1.9901
2.0030
2.0237
2.0240
2.0871
2.0933
2.1332
2.1400
2.1821
2.2124
2.2253
2.2316
2.2691
2.2907
2.4562
2.4920
2.4974
2.6562
2.6617
2.7016
2.7294
2.7617
2.8050
2.8910
2.9934
3.0041
3.0511
3.1625
3.2078
3.3623
3.6716
3.9311
3.9405
4.4309
4.6044
4.7299
5.1304
6.2772
21.7500
