0.0786
0.1476
0.1552
0.2305
0.2584
0.3135
0.3542
0.4002
0.4307
0.4323
0.4569
0.4622
0.4863
0.4871
0.4895
0.4926
0.4937
0.4956
0.5007
0.5370
0.5465
0.5481
0.5588
0.5623
0.5627
0.5800
0.5802
0.5872
0.5904
0.5918
0.5919
0.5981
0.6282
0.6489
0.6539
0.6570
0.6578
0.6680
0.6699
0.6709
0.6749
0.6771
0.6779
0.6799
0.6823
0.6882
0.6924
0.6937
0.6949
0.7013
0.7037
0.7063
0.7130
0.7203
0.7221
0.7221
0.7236
0.7343
0.7445
0.7462
0.7524
0.7607
0.7618
0.7633
0.7654
0.7687
0.7706
0.7733
0.7754
0.7757
0.7849
0.7943
0.8005
0.8040
0.8083
0.8124
0.8146
0.8155
0.8175
0.8184
0.8216
0.8252
0.8279
0.8283
0.8285
0.8291
0.8294
0.8321
0.8376
0.8397
0.8398
0.8418
0.8433
0.8465
0.8476
0.8518
0.8537
0.8539
0.8564
0.8565
0.8569
0.8571
0.8596
0.8603
0.8663
0.8683
0.8692
0.8695
0.8709
0.8714
0.8771
0.8805
0.8805
0.8823
0.8836
0.8839
0.8866
0.8873
0.8909
0.8975
0.8978
0.9010
0.9027
0.9034
0.9044
0.9044
0.9047
0.9065
0.9089
0.9094
0.9096
0.9112
0.9118
0.9121
0.9127
0.9137
0.9137
0.9153
0.9185
0.9195
0.9207
0.9212
0.9220
0.9229
0.9232
0.9232
0.9239
0.9240
0.9250
0.9265
0.9284
0.9291
0.9299
0.9312
0.9325
0.9330
0.9333
0.9346
0.9373
0.9392
0.9403
0.9406
0.9413
0.9449
0.9453
0.9457
0.9468
0.9474
0.9479
0.9481
0.9494
0.9501
0.9510
0.9511
0.9547
0.9579
0.9585
0.9598
0.9600
0.9618
0.9620
0.9626
0.9630
0.9639
0.9641
0.9653
0.9654
0.9673
0.9681
0.9683
0.9683
0.9686
0.9700
0.9709
0.9713
0.9731
0.9764
0.9764
0.9765
0.9767
0.9770
0.9777
0.9782
0.9791
0.9792
0.9793
0.9797
0.9799
0.9802
0.9810
0.9810
0.9816
0.9819
0.9830
0.9842
0.9845
0.9847
0.9847
0.9849
0.9849
0.9859
0.9860
0.9862
0.9863
0.9868
0.9869
0.9869
0.9869
0.9876
0.9877
0.9878
0.9879
0.9885
0.9890
0.9893
0.9897
0.9898
0.9899
0.9903
0.9904
0.9906
0.9911
0.9913
0.9913
0.9913
0.9917
0.9921
0.9925
0.9928
0.9930
0.9932
0.9933
0.9934
0.9935
0.9935
0.9938
0.9939
0.9939
0.9939
0.9940
0.9944
0.9945
0.9946
0.9946
0.9950
0.9953
0.9954
0.9955
0.9955
0.9957
0.9960
0.9963
0.9964
0.9964
0.9965
0.9967
0.9968
0.9968
0.9969
0.9971
0.9972
0.9973
0.9974
0.9974
0.9974
0.9975
0.9977
0.9980
0.9980
0.9982
0.9982
0.9985
0.9987
0.9987
0.9988
0.9989
0.9990
0.9990
0.9993
0.9994
0.9995
0.9995
0.9995
0.9996
0.9996
0.9996
0.9996
0.9999
0.9999
0.9999
1.0000
1.0000
1.0000
1.0000
1.0000
1.0000
1.0000
1.0000
1.0000
1.0001
1.0001
1.0001
1.0001
1.0002
1.0002
1.0002
1.0003
1.0003
1.0004
1.0005
1.0005
1.0005
1.0006
1.0006
1.0006
1.0006
1.0006
1.0006
1.0007
1.0007
1.0007
1.0009
1.0009
1.0010
1.0010
1.0010
1.0010
1.0011
1.0011
1.0011
1.0011
1.0012
1.0013
1.0013
1.0014
1.0015
1.0016
1.0016
1.0016
1.0016
1.0017
1.0017
1.0017
1.0018
1.0019
1.0020
1.0020
1.0021
1.0022
1.0022
1.0022
1.0023
1.0024
1.0024
1.0025
1.0025
1.0025
1.0025
1.0025
1.0025
1.0026
1.0027
1.0030
1.0031
1.0032
1.0033
1.0033
1.0033
1.0034
1.0035
1.0036
1.0037
1.0038
1.0038
1.0039
1.0041
1.0041
1.0042
1.0043
1.0044
1.0046
1.0048
1.0049
1.0051
1.0051
1.0053
1.0055
1.0057
1.0062
1.0064
1.0065
1.0065
1.0068
1.0068
1.0069
1.0070
1.0071
1.0074
1.0076
1.0078
1.0078
1.0079
1.0081
1.0085
1.0085
1.0087
1.0090
1.0090
1.0092
1.0094
1.0095
1.0099
1.0101
1.0101
1.0102
1.0104
1.0105
1.0105
1.0106
1.0107
1.0107
1.0108
1.0108
1.0109
1.0110
1.0110
1.0110
1.0111
1.0112
1.0112
1.0112
1.0112
1.0113
1.0119
1.0119
1.0120
1.0122
1.0123
1.0124
1.0124
1.0126
1.0128
1.0128
1.0129
1.0131
1.0132
1.0134
1.0134
1.0135
1.0135
1.0137
1.0141
1.0142
1.0144
1.0145
1.0153
1.0156
1.0156
1.0157
1.0159
1.0162
1.0162
1.0167
1.0167
1.0171
1.0175
1.0175
1.0176
1.0178
1.0180
1.0181
1.0182
1.0182
1.0185
1.0194
1.0195
1.0195
1.0197
1.0199
1.0199
1.0200
1.0203
1.0204
1.0208
1.0209
1.0209
1.0210
1.0215
1.0217
1.0223
1.0223
1.0225
1.0228
1.0234
1.0234
1.0235
1.0240
1.0242
1.0249
1.0250
1.0253
1.0256
1.0260
1.0262
1.0263
1.0264
1.0267
1.0271
1.0272
1.0275
1.0276
1.0280
1.0287
1.0300
1.0302
1.0309
1.0310
1.0316
1.0316
1.0318
1.0323
1.0325
1.0330
1.0332
1.0333
1.0336
1.0336
1.0349
1.0357
1.0360
1.0360
1.0362
1.0365
1.0373
1.0374
1.0381
1.0383
1.0385
1.0386
1.0393
1.0394
1.0394
1.0394
1.0396
1.0400
1.0408
1.0410
1.0411
1.0418
1.0419
1.0422
1.0427
1.0440
1.0451
1.0452
1.0463
1.0470
1.0474
1.0474
1.0476
1.0480
1.0481
1.0493
1.0516
1.0516
1.0517
1.0518
1.0524
1.0525
1.0526
1.0535
1.0536
1.0540
1.0541
1.0545
1.0560
1.0562
1.0563
1.0567
1.0571
1.0574
1.0575
1.0593
1.0610
1.0613
1.0614
1.0616
1.0618
1.0619
1.0622
1.0628
1.0630
1.0649
1.0668
1.0671
1.0683
1.0684
1.0725
1.0728
1.0731
1.0736
1.0740
1.0741
1.0741
1.0748
1.0759
1.0759
1.0766
1.0766
1.0774
1.0779
1.0790
1.0790
1.0812
1.0820
1.0824
1.0825
1.0834
1.0838
1.0854
1.0854
1.0862
1.0862
1.0863
1.0884
1.0888
1.0892
1.0903
1.0912
1.0914
1.0915
1.0919
1.0921
1.0928
1.0930
1.0931
1.0934
1.0938
1.0942
1.0968
1.0972
1.0974
1.0986
1.0988
1.1009
1.1011
1.1021
1.1024
1.1040
1.1045
1.1047
1.1048
1.1051
1.1052
1.1076
1.1084
1.1084
1.1092
1.1093
1.1105
1.1111
1.1124
1.1133
1.1137
1.1144
1.1151
1.1151
1.1158
1.1168
1.1178
1.1184
1.1187
1.1187
1.1190
1.1193
1.1197
1.1202
1.1211
1.1213
1.1213
1.1224
1.1227
1.1227
1.1233
1.1243
1.1243
1.1244
1.1246
1.1264
1.1279
1.1282
1.1305
1.1308
1.1309
1.1309
1.1311
1.1322
1.1322
1.1323
1.1329
1.1329
1.1347
1.1352
1.1362
1.1392
1.1413
1.1416
1.1421
1.1429
1.1435
1.1477
1.1481
1.1483
1.1494
1.1497
1.1499
1.1505
1.1526
1.1527
1.1536
1.1540
1.1559
1.1577
1.1596
1.1614
1.1620
1.1627
1.1641
1.1647
1.1652
1.1664
1.1672
1.1709
1.1717
1.1722
1.1724
1.1726
1.1760
1.1766
1.1788
1.1828
1.1841
1.1843
1.1845
1.1882
1.1895
1.1898
1.1899
1.1938
1.1950
1.1969
1.1973
1.1978
1.1986
1.1997
1.2003
1.2006
1.2043
1.2057
1.2076
1.2094
1.2095
1.2100
1.2149
1.2182
1.2292
1.2370
1.2376
1.2386
1.2416
1.2440
1.2445
1.2458
1.2468
1.2468
1.2480
1.2492
1.2550
1.2565
1.2582
1.2584
1.2599
1.2633
1.2634
1.2657
1.2669
1.2673
1.2729
1.2731
1.2736
1.2736
1.2736
1.2737
1.2737
1.2739
1.2739
1.2741
1.2742
1.2745
1.2746
1.2746
1.2748
1.2749
1.2774
1.2801
1.2813
1.2854
1.2859
1.2861
1.2873
1.2904
1.2904
1.2910
1.2957
1.2991
1.3011
1.3031
1.3036
1.3036
1.3208
1.3243
1.3304
1.3305
1.3496
1.3507
1.3587
1.3609
1.3619
1.3628
1.3629
1.3682
1.3768
1.3885
1.3887
1.3894
1.3908
1.4032
1.4039
1.4143
1.4153
1.4177
1.4496
1.4551
1.4587
1.4588
1.4707
1.4729
1.4758
1.4811
1.4814
1.4822
1.4825
1.4880
1.4880
1.4911
1.4932
1.4969
1.5092
1.5191
1.5287
1.5292
1.5461
1.5764
1.5784
1.5816
1.5879
1.5926
1.5929
1.5995
1.6030
1.6052
1.6154
1.6175
1.6199
1.6296
1.6321
1.6438
1.6463
1.6525
1.6657
1.6937
1.6968
1.6988
1.7094
1.7099
1.7282
1.7325
1.7397
1.7444
1.7460
1.7590
1.7741
1.8177
1.8679
1.9192
1.9441
1.9633
1.9934
1.9939
2.0017
2.0389
2.0707
2.1342
2.1455
2.1787
2.2218
2.2366
2.2458
2.2495
2.2869
2.3646
2.3747
2.3953
2.4859
2.5000
2.6058
2.8453
2.8856
2.8963
2.8963
2.8963
2.9264
2.9484
2.9715
2.9810
3.0410
3.0416
3.4587
3.8493
3.8686
3.9475
4.1764
7.7689
8.0071
9.8993
