0.4904
0.6322
0.6409
0.6412
0.6470
0.6479
0.6838
0.6966
0.7184
0.7888
0.8093
0.8257
0.8305
0.8574
0.8784
0.8899
0.8981
0.9097
0.9217
0.9264
0.9275
0.9321
0.9376
0.9376
0.9409
0.9413
0.9421
0.9455
0.9462
0.9469
0.9478
0.9486
0.9496
0.9508
0.9535
0.9594
0.9630
0.9635
0.9646
0.9727
0.9821
0.9844
0.9866
0.9898
0.9912
0.9943
0.9973
0.9991
1.0000
1.0010
1.0036
1.0042
1.0047
1.0098
1.0138
1.0141
1.0166
1.0252
1.0286
1.0323
1.0361
1.0438
1.0572
1.0572
1.0608
1.0609
1.0628
1.0708
1.0759
1.0886
1.1017
1.1024
1.1144
1.1172
1.1227
1.2072
1.2310
1.3103
1.3266
1.3306
1.3502
1.3877
1.4097
1.4943
1.6569
1.6756
1.7040
1.7382
1.7560
1.8356
1.8424
1.9201
1.9391
2.0071
2.0976
2.1198
2.1520
2.1561
2.1781
2.3384
2.4308
2.4745
2.6577
3.0674
6.0382
12.6570
