1.0000
1.0000
1.0000
1.0000
1.0000
1.0000
1.0000
1.0000
1.0000
1.0000
1.0000
1.0000
1.0000
1.0000
1.0000
1.0000
1.0000
1.0000
1.0000
1.0000
1.0000
1.0000
1.0000
1.0000
1.0000
1.0000
1.0000
1.0000
1.0000
1.0000
1.0000
1.0000
1.0000
1.0000
1.0000
1.0000
1.0000
1.0000
1.0000
1.0000
1.0000
1.0000
1.0000
1.0000
1.0000
1.0000
1.0000
1.0000
1.0000
1.0000
1.0000
1.0000
1.0000
1.0000
1.0000
1.0000
1.0000
1.0000
1.0000
1.0000
1.0000
1.0000
1.0000
1.0000
1.0000
1.0000
1.0000
1.0000
1.0000
1.0000
1.0000
1.0000
1.0000
1.0000
1.0000
1.0000
1.0000
1.0000
1.0000
1.0000
1.0000
1.0000
1.0000
1.0000
1.0000
1.0000
1.0000
1.0000
1.0000
1.0000
1.0000
1.0000
1.0000
1.0000
1.0000
1.0000
1.0000
1.0000
1.0000
1.0000
1.0000
1.0000
1.0000
1.0000
1.0000
1.0000
1.0000
1.0000
1.0000
1.0000
1.0000
1.0000
1.0000
1.0000
1.0000
1.0000
1.0000
1.0000
1.0000
1.0000
1.0000
1.0000
1.0000
1.0000
1.0000
1.0000
1.0000
1.0000
1.0000
1.0000
1.0000
1.0000
1.0000
1.0000
1.0000
1.0000
1.0000
1.0000
1.0000
1.0000
1.0000
1.0000
1.0000
1.0000
1.0000
1.0000
1.0000
1.0000
1.0000
1.0000
1.0000
1.0000
1.0000
1.0000
1.0000
1.0000
1.0000
1.0000
1.0000
1.0000
1.0000
1.0000
1.0000
1.0000
1.0000
1.0000
1.0000
1.0000
1.0000
1.0000
1.0000
1.0000
1.0000
1.0000
1.0000
1.0000
1.0000
1.0000
1.0000
1.0000
1.0000
1.0000
1.0000
1.0000
1.0000
1.0000
1.0000
1.0000
1.0000
1.0000
1.0000
1.0000
1.0000
1.0000
1.0000
1.0000
1.0000
1.0000
1.0000
1.0000
1.0000
1.0000
1.0000
1.0000
1.0000
1.0000
1.0000
1.0000
1.0000
1.0000
1.0000
1.0000
1.0000
1.0000
1.0000
1.0000
1.0000
1.0000
1.0000
1.0000
1.0000
1.0000
1.0001
1.0001
1.0001
1.0001
1.0001
1.0001
1.0001
1.0001
1.0001
1.0001
1.0001
1.0001
1.0001
1.0001
1.0001
1.0001
1.0002
1.0002
1.0003
1.0003
1.0003
1.0003
1.0003
1.0003
1.0003
1.0003
1.0003
1.0003
1.0004
1.0004
1.0004
1.0004
1.0004
1.0004
1.0004
1.0004
1.0004
1.0004
1.0005
1.0005
1.0005
1.0005
1.0005
1.0005
1.0006
1.0006
1.0006
1.0006
1.0006
1.0006
1.0006
1.0007
1.0007
1.0007
1.0007
1.0007
1.0008
1.0008
1.0008
1.0008
1.0008
1.0008
1.0009
1.0009
1.0009
1.0009
1.0009
1.0010
1.0010
1.0010
1.0010
1.0010
1.0010
1.0010
1.0011
1.0011
1.0011
1.0011
1.0011
1.0012
1.0012
1.0013
1.0013
1.0013
1.0014
1.0014
1.0014
1.0014
1.0016
1.0016
1.0016
1.0016
1.0016
1.0017
1.0017
1.0017
1.0017
1.0017
1.0017
1.0017
1.0017
1.0017
1.0018
1.0018
1.0018
1.0018
1.0019
1.0019
1.0019
1.0019
1.0019
1.0019
1.0020
1.0020
1.0020
1.0021
1.0021
1.0021
1.0021
1.0021
1.0021
1.0022
1.0022
1.0022
1.0023
1.0025
1.0025
1.0025
1.0026
1.0026
1.0026
1.0026
1.0026
1.0027
1.0027
1.0028
1.0028
1.0028
1.0028
1.0029
1.0030
1.0030
1.0030
1.0030
1.0030
1.0031
1.0031
1.0032
1.0032
1.0032
1.0033
1.0034
1.0035
1.0035
1.0035
1.0035
1.0035
1.0035
1.0036
1.0036
1.0036
1.0036
1.0037
1.0037
1.0037
1.0038
1.0038
1.0038
1.0038
1.0039
1.0039
1.0040
1.0040
1.0041
1.0041
1.0041
1.0041
1.0042
1.0042
1.0042
1.0043
1.0043
1.0045
1.0046
1.0046
1.0046
1.0046
1.0047
1.0047
1.0047
1.0048
1.0048
1.0048
1.0048
1.0048
1.0048
1.0049
1.0049
1.0049
1.0051
1.0052
1.0052
1.0053
1.0054
1.0054
1.0054
1.0055
1.0056
1.0057
1.0058
1.0058
1.0058
1.0059
1.0059
1.0059
1.0060
1.0061
1.0061
1.0062
1.0063
1.0064
1.0064
1.0064
1.0065
1.0065
1.0066
1.0066
1.0066
1.0066
1.0066
1.0067
1.0067
1.0068
1.0068
1.0069
1.0071
1.0072
1.0072
1.0074
1.0074
1.0075
1.0076
1.0077
1.0077
1.0078
1.0078
1.0079
1.0079
1.0079
1.0079
1.0079
1.0080
1.0080
1.0082
1.0083
1.0084
1.0084
1.0086
1.0088
1.0088
1.0089
1.0089
1.0092
1.0093
1.0093
1.0093
1.0093
1.0094
1.0095
1.0096
1.0098
1.0099
1.0100
1.0103
1.0105
1.0105
1.0105
1.0106
1.0106
1.0106
1.0107
1.0108
1.0109
1.0110
1.0110
1.0111
1.0111
1.0111
1.0112
1.0112
1.0112
1.0113
1.0113
1.0114
1.0115
1.0115
1.0116
1.0117
1.0118
1.0119
1.0120
1.0122
1.0122
1.0125
1.0126
1.0127
1.0129
1.0129
1.0132
1.0132
1.0133
1.0133
1.0134
1.0136
1.0136
1.0136
1.0137
1.0138
1.0138
1.0144
1.0145
1.0145
1.0146
1.0149
1.0149
1.0149
1.0151
1.0152
1.0152
1.0153
1.0153
1.0153
1.0157
1.0163
1.0170
1.0172
1.0174
1.0175
1.0177
1.0180
1.0180
1.0180
1.0182
1.0183
1.0183
1.0184
1.0185
1.0186
1.0186
1.0189
1.0190
1.0191
1.0195
1.0196
1.0198
1.0199
1.0202
1.0204
1.0214
1.0214
1.0215
1.0219
1.0223
1.0225
1.0226
1.0227
1.0227
1.0229
1.0230
1.0231
1.0233
1.0236
1.0242
1.0243
1.0243
1.0244
1.0246
1.0246
1.0248
1.0251
1.0252
1.0253
1.0253
1.0254
1.0255
1.0259
1.0262
1.0262
1.0262
1.0264
1.0266
1.0273
1.0275
1.0276
1.0276
1.0277
1.0280
1.0282
1.0283
1.0285
1.0297
1.0298
1.0302
1.0302
1.0304
1.0308
1.0309
1.0311
1.0313
1.0314
1.0316
1.0318
1.0320
1.0322
1.0322
1.0323
1.0325
1.0326
1.0327
1.0333
1.0336
1.0337
1.0340
1.0342
1.0347
1.0353
1.0363
1.0363
1.0363
1.0363
1.0367
1.0369
1.0370
1.0374
1.0375
1.0377
1.0378
1.0383
1.0383
1.0389
1.0392
1.0397
1.0399
1.0401
1.0406
1.0407
1.0419
1.0436
1.0440
1.0441
1.0441
1.0452
1.0456
1.0457
1.0458
1.0459
1.0464
1.0465
1.0468
1.0477
1.0482
1.0495
1.0496
1.0500
1.0502
1.0503
1.0505
1.0510
1.0513
1.0514
1.0515
1.0523
1.0527
1.0531
1.0532
1.0535
1.0536
1.0540
1.0541
1.0549
1.0560
1.0576
1.0593
1.0594
1.0595
1.0613
1.0624
1.0629
1.0635
1.0635
1.0640
1.0652
1.0653
1.0655
1.0661
1.0665
1.0669
1.0669
1.0674
1.0677
1.0678
1.0687
1.0704
1.0705
1.0708
1.0709
1.0712
1.0720
1.0724
1.0736
1.0738
1.0745
1.0746
1.0748
1.0755
1.0760
1.0773
1.0775
1.0777
1.0786
1.0790
1.0795
1.0795
1.0799
1.0801
1.0806
1.0809
1.0811
1.0845
1.0849
1.0850
1.0854
1.0860
1.0881
1.0887
1.0889
1.0909
1.0943
1.0951
1.0963
1.0984
1.0985
1.0987
1.0996
1.1028
1.1031
1.1033
1.1033
1.1046
1.1048
1.1054
1.1065
1.1066
1.1067
1.1067
1.1073
1.1084
1.1086
1.1089
1.1092
1.1102
1.1116
1.1117
1.1120
1.1134
1.1145
1.1159
1.1165
1.1165
1.1167
1.1171
1.1180
1.1183
1.1196
1.1198
1.1199
1.1214
1.1220
1.1224
1.1251
1.1252
1.1289
1.1293
1.1298
1.1299
1.1315
1.1324
1.1328
1.1339
1.1352
1.1355
1.1357
1.1361
1.1379
1.1390
1.1391
1.1399
1.1400
1.1413
1.1429
1.1450
1.1504
1.1534
1.1563
1.1568
1.1572
1.1577
1.1605
1.1612
1.1649
1.1677
1.1685
1.1707
1.1748
1.1754
1.1772
1.1795
1.1815
1.1841
1.1878
1.1883
1.1918
1.1936
1.1947
1.1993
1.1993
1.2034
1.2065
1.2082
1.2109
1.2121
1.2183
1.2184
1.2227
1.2245
1.2248
1.2260
1.2273
1.2279
1.2281
1.2299
1.2311
1.2344
1.2357
1.2359
1.2369
1.2478
1.2532
1.2547
1.2555
1.2633
1.2636
1.2690
1.2698
1.2705
1.2742
1.2802
1.2820
1.2822
1.2824
1.2857
1.2875
1.2879
1.2893
1.2897
1.2915
1.2950
1.3014
1.3017
1.3017
1.3028
1.3058
1.3065
1.3074
1.3075
1.3118
1.3164
1.3267
1.3303
1.3338
1.3436
1.3468
1.3497
1.3669
1.3789
1.3825
1.3945
1.4007
1.4038
1.4057
1.4099
1.4106
1.4172
1.4172
1.4199
1.4229
1.4442
1.4469
1.4528
1.4546
1.4609
1.4723
1.4752
1.4752
1.4836
1.4845
1.5181
1.5228
1.5236
1.5412
1.5618
1.5675
1.5914
1.6197
1.6219
1.6232
1.6257
1.6411
1.6436
1.6443
1.6515
1.6609
1.7129
1.7607
1.7746
1.7870
1.8261
1.8438
1.8939
1.9418
2.2220
2.4813
2.7153
3.3786
3.6584
3.9575
4.0169
4.1293
