0.1283
0.1528
0.2285
0.2938
0.3042
0.3183
0.3277
0.3288
0.3294
0.3581
0.3720
0.3890
0.3891
0.3908
0.3919
0.3997
0.4343
0.4435
0.4494
0.4504
0.4762
0.4763
0.4896
0.4911
0.5368
0.5558
0.5819
0.5826
0.5855
0.6136
0.6276
0.6286
0.6313
0.6346
0.6393
0.6415
0.6443
0.6590
0.6603
0.6864
0.6989
0.7032
0.7070
0.7080
0.7102
0.7133
0.7207
0.7238
0.7297
0.7480
0.7531
0.7565
0.7755
0.7940
0.7997
0.8008
0.8025
0.8106
0.8195
0.8290
0.8355
0.8455
0.8491
0.8497
0.8508
0.8555
0.8651
0.8738
0.8738
0.8743
0.8744
0.8747
0.8778
0.8834
0.8836
0.8843
0.8907
0.8978
0.8988
0.8991
0.8994
0.9042
0.9081
0.9116
0.9121
0.9142
0.9147
0.9160
0.9253
0.9277
0.9290
0.9300
0.9361
0.9363
0.9376
0.9382
0.9384
0.9405
0.9435
0.9447
0.9460
0.9462
0.9477
0.9478
0.9484
0.9486
0.9512
0.9521
0.9531
0.9532
0.9546
0.9550
0.9577
0.9596
0.9617
0.9630
0.9636
0.9654
0.9662
0.9665
0.9665
0.9678
0.9698
0.9702
0.9766
0.9774
0.9778
0.9780
0.9791
0.9796
0.9808
0.9821
0.9837
0.9846
0.9850
0.9854
0.9868
0.9868
0.9881
0.9885
0.9886
0.9888
0.9891
0.9891
0.9898
0.9900
0.9903
0.9905
0.9917
0.9921
0.9927
0.9928
0.9933
0.9933
0.9934
0.9946
0.9948
0.9953
0.9959
0.9959
0.9960
0.9978
0.9988
0.9988
0.9991
0.9991
0.9993
0.9995
0.9995
0.9996
0.9998
0.9998
0.9998
0.9998
0.9998
0.9998
0.9999
1.0000
1.0000
1.0000
1.0000
1.0000
1.0001
1.0002
1.0002
1.0002
1.0004
1.0005
1.0006
1.0006
1.0007
1.0007
1.0008
1.0008
1.0009
1.0013
1.0015
1.0016
1.0017
1.0017
1.0018
1.0021
1.0022
1.0024
1.0024
1.0025
1.0026
1.0032
1.0033
1.0035
1.0038
1.0038
1.0039
1.0039
1.0039
1.0040
1.0040
1.0042
1.0043
1.0044
1.0046
1.0047
1.0048
1.0051
1.0053
1.0055
1.0059
1.0060
1.0062
1.0062
1.0063
1.0065
1.0068
1.0069
1.0074
1.0077
1.0079
1.0079
1.0083
1.0084
1.0086
1.0090
1.0092
1.0092
1.0094
1.0096
1.0098
1.0100
1.0100
1.0102
1.0102
1.0105
1.0106
1.0108
1.0121
1.0122
1.0122
1.0122
1.0123
1.0123
1.0131
1.0132
1.0133
1.0139
1.0139
1.0141
1.0157
1.0162
1.0168
1.0169
1.0170
1.0172
1.0172
1.0173
1.0176
1.0183
1.0190
1.0190
1.0192
1.0194
1.0200
1.0203
1.0206
1.0208
1.0211
1.0213
1.0220
1.0221
1.0224
1.0224
1.0225
1.0227
1.0231
1.0232
1.0233
1.0234
1.0241
1.0241
1.0245
1.0256
1.0268
1.0275
1.0279
1.0289
1.0291
1.0307
1.0308
1.0322
1.0324
1.0347
1.0367
1.0370
1.0383
1.0393
1.0399
1.0403
1.0408
1.0410
1.0437
1.0441
1.0470
1.0473
1.0478
1.0486
1.0490
1.0495
1.0510
1.0510
1.0536
1.0537
1.0550
1.0555
1.0563
1.0614
1.0615
1.0617
1.0620
1.0621
1.0642
1.0654
1.0656
1.0656
1.0664
1.0669
1.0674
1.0681
1.0699
1.0722
1.0726
1.0727
1.0727
1.0728
1.0736
1.0745
1.0785
1.0830
1.0916
1.0918
1.0929
1.0932
1.0958
1.0966
1.0970
1.0990
1.0998
1.1007
1.1010
1.1045
1.1047
1.1082
1.1100
1.1206
1.1250
1.1257
1.1264
1.1274
1.1276
1.1298
1.1322
1.1325
1.1329
1.1346
1.1376
1.1399
1.1417
1.1433
1.1454
1.1461
1.1506
1.1519
1.1549
1.1605
1.1608
1.1628
1.1721
1.1730
1.1789
1.1815
1.1818
1.1871
1.1882
1.1941
1.1941
1.1994
1.2003
1.2012
1.2019
1.2027
1.2029
1.2038
1.2048
1.2060
1.2082
1.2127
1.2139
1.2227
1.2281
1.2294
1.2327
1.2393
1.2407
1.2415
1.2514
1.2523
1.2530
1.2583
1.2588
1.2638
1.2642
1.2681
1.2844
1.2948
1.2962
1.3113
1.3180
1.3206
1.3229
1.3264
1.3274
1.3285
1.3297
1.3322
1.3326
1.3341
1.3402
1.3496
1.3548
1.3591
1.3609
1.3625
1.3649
1.3774
1.3971
1.4053
1.4167
1.4392
1.4416
1.4488
1.4542
1.4551
1.4680
1.4731
1.4750
1.4793
1.4793
1.4943
1.4968
1.5053
1.5085
1.5088
1.5233
1.5526
1.5869
1.5898
1.6008
1.6178
1.6310
1.6338
1.6603
1.6639
1.6643
1.6651
1.6690
1.6785
1.6817
1.6817
1.6821
1.6903
1.7305
1.7397
1.8572
1.8717
1.8807
1.8929
2.0462
2.0729
2.0977
2.1114
2.1742
2.2676
2.3373
2.3396
2.3644
2.3900
2.4442
2.4774
2.5142
2.5444
2.9798
3.0652
3.1364
3.2088
3.2556
3.2921
3.4353
3.5667
3.6746
3.7184
3.7750
3.8527
4.0098
4.0981
4.1095
4.4034
4.4850
4.5298
4.8907
5.4063
5.5211
6.1595
8.1054
