0.1026
0.1125
0.1176
0.1180
0.1250
0.1269
0.1390
0.1450
0.1473
0.1587
0.1693
0.1786
0.1790
0.1815
0.1839
0.1923
0.1934
0.1959
0.1992
0.2057
0.2124
0.2265
0.2277
0.2337
0.2569
0.2597
0.2670
0.2695
0.2766
0.2776
0.2884
0.2907
0.2997
0.3025
0.3142
0.3190
0.3214
0.3216
0.3227
0.3228
0.3228
0.3267
0.3330
0.3715
0.4086
0.4191
0.4664
0.4726
0.4891
0.4898
0.5097
0.5188
0.5220
0.5235
0.5263
0.5276
0.5335
0.5393
0.5424
0.5489
0.5540
0.5562
0.5598
0.5708
0.5743
0.5781
0.5819
0.5855
0.5876
0.5898
0.6066
0.6106
0.6108
0.6178
0.6301
0.6327
0.6472
0.6477
0.6543
0.6585
0.6597
0.6729
0.6834
0.6879
0.6932
0.6944
0.6963
0.6987
0.6988
0.7000
0.7286
0.7293
0.7330
0.7344
0.7358
0.7367
0.7375
0.7414
0.7480
0.7530
0.7589
0.7614
0.7622
0.7693
0.7713
0.7762
0.7816
0.7883
0.7927
0.7934
0.7962
0.8011
0.8018
0.8034
0.8120
0.8121
0.8159
0.8164
0.8315
0.8378
0.8412
0.8489
0.8511
0.8531
0.8576
0.8612
0.8631
0.8633
0.8651
0.8652
0.8667
0.8695
0.8695
0.8706
0.8712
0.8867
0.9003
0.9144
0.9150
0.9151
0.9187
0.9195
0.9207
0.9245
0.9260
0.9332
0.9370
0.9436
0.9519
0.9584
0.9600
0.9604
0.9609
0.9610
0.9611
0.9632
0.9656
0.9664
0.9666
0.9672
0.9698
0.9702
0.9705
0.9708
0.9730
0.9774
0.9785
0.9801
0.9802
0.9821
0.9827
0.9831
0.9836
0.9837
0.9840
0.9875
0.9877
0.9887
0.9893
0.9894
0.9924
0.9930
0.9936
0.9942
0.9942
0.9946
0.9948
0.9957
0.9965
0.9968
0.9969
0.9970
0.9973
0.9974
0.9974
0.9976
0.9977
0.9978
0.9980
0.9980
0.9980
0.9980
0.9981
0.9982
0.9985
0.9987
0.9995
0.9998
1.0000
1.0001
1.0002
1.0003
1.0007
1.0011
1.0015
1.0017
1.0019
1.0020
1.0022
1.0023
1.0025
1.0027
1.0028
1.0030
1.0031
1.0034
1.0035
1.0035
1.0038
1.0039
1.0042
1.0042
1.0044
1.0046
1.0049
1.0049
1.0049
1.0051
1.0051
1.0053
1.0058
1.0062
1.0063
1.0077
1.0079
1.0079
1.0082
1.0083
1.0083
1.0099
1.0112
1.0116
1.0122
1.0123
1.0134
1.0137
1.0144
1.0144
1.0152
1.0171
1.0200
1.0209
1.0212
1.0223
1.0228
1.0231
1.0260
1.0281
1.0296
1.0307
1.0344
1.0354
1.0356
1.0357
1.0362
1.0376
1.0377
1.0386
1.0389
1.0401
1.0402
1.0403
1.0432
1.0434
1.0448
1.0458
1.0479
1.0510
1.0513
1.0513
1.0565
1.0579
1.0582
1.0613
1.0660
1.0680
1.0695
1.0700
1.0779
1.0860
1.0928
1.0963
1.0966
1.0990
1.1018
1.1080
1.1097
1.1141
1.1194
1.1204
1.1252
1.1253
1.1266
1.1304
1.1322
1.1337
1.1342
1.1344
1.1381
1.1396
1.1401
1.1411
1.1439
1.1440
1.1440
1.1602
1.1645
1.1653
1.1826
1.1878
1.1940
1.2027
1.2052
1.2060
1.2095
1.2219
1.2270
1.2319
1.2331
1.2410
1.2447
1.2486
1.2494
1.2495
1.2559
1.2588
1.2682
1.2684
1.2727
1.2779
1.2784
1.2810
1.2832
1.2913
1.2937
1.2956
1.3036
1.3198
1.3273
1.3297
1.3335
1.3367
1.3395
1.3701
1.3834
1.3836
1.3918
1.3971
1.4099
1.4424
1.4454
1.4534
1.4668
1.4912
1.5018
1.5053
1.5088
1.5194
1.5270
1.5411
1.5526
1.5832
1.6866
1.7437
1.7797
1.7864
1.8028
1.8420
1.8447
1.8741
1.8807
1.8929
2.0547
2.1742
2.1939
2.3296
2.3396
2.3750
2.9798
3.0465
3.1341
3.2321
3.3495
3.8704
4.4816
4.5240
