3.8527	0.2733
2.3373	0.5467
1.0367	0.6082
1.5898	0.6284
1.6310	0.7056
1.4167	0.7390
1.4968	0.7400
1.3180	0.7537
1.2962	0.7659
1.2948	0.7693
1.3341	0.7789
1.3326	0.7799
1.3322	0.7800
1.3774	0.7811
1.4392	0.7937
1.2681	0.8060
1.1721	0.8091
2.0977	0.8384
3.4353	0.8779
0.9917	0.8786
1.6785	0.8930
1.6643	0.8942
1.6817	0.8955
1.6817	0.8955
1.1082	0.8982
1.6690	0.8994
1.6651	0.9001
1.1941	0.9116
1.0039	0.9154
1.1010	0.9251
1.0139	0.9260
1.4680	0.9307
0.8025	0.9335
1.0958	0.9354
1.0664	0.9365
1.1206	0.9377
1.3649	0.9386
1.4053	0.9387
1.1433	0.9491
1.0473	0.9511
1.1264	0.9519
1.1628	0.9555
0.8508	0.9562
1.0726	0.9597
1.0727	0.9612
0.6286	0.9631
0.8497	0.9659
2.3396	0.9677
1.2127	0.9678
1.0654	0.9693
1.0268	0.9696
1.0478	0.9723
2.1742	0.9733
0.9521	0.9742
1.0279	0.9755
1.0256	0.9760
1.0383	0.9762
1.0615	0.9808
1.0232	0.9826
1.0241	0.9854
1.4793	0.9860
1.1045	0.9872
0.8978	0.9877
1.0000	0.9894
1.0183	0.9895
1.0437	0.9896
1.0555	0.9899
0.9435	0.9909
1.0122	0.9917
1.0123	0.9917
1.0220	0.9920
1.3609	0.9935
0.9698	0.9935
1.0157	0.9935
1.1417	0.9939
1.0062	0.9942
1.6178	0.9945
1.1941	0.9950
1.2281	0.9958
1.0322	0.9959
0.9946	0.9965
1.1605	0.9965
3.2556	0.9966
3.2921	0.9966
0.8834	0.9969
0.3294	0.9973
1.3548	0.9974
0.9780	0.9974
1.0176	0.9978
1.3625	0.9984
2.4774	0.9986
1.2227	0.9989
0.9998	0.9990
1.0022	0.9991
4.0098	0.9992
2.5142	0.9992
1.2019	0.9993
2.5444	0.9994
1.0203	0.9994
1.1994	0.9995
0.9081	0.9995
1.0192	0.9996
5.4063	0.9996
3.0652	0.9997
1.1376	0.9997
3.6746	0.9997
1.0213	0.9997
1.2530	0.9998
1.1461	0.9998
4.1095	0.9999
1.0486	0.9999
1.0002	0.9999
3.7750	0.9999
1.0139	1.0000
1.1882	1.0000
1.0008	1.0000
1.6639	1.0000
2.0729	1.0000
1.2029	1.0000
1.4551	1.0000
5.5211	1.0000
1.0006	1.0000
2.0462	1.0000
1.0194	1.0000
1.6903	1.0000
1.1298	1.0000
1.0002	1.0000
0.8195	1.0000
1.0024	1.0000
1.0000	1.0000
1.1325	1.0000
3.7184	1.0000
1.0206	1.0000
1.0000	1.0000
1.2003	1.0000
1.4488	1.0000
4.8907	1.0000
1.1276	1.0000
0.9959	1.0000
1.1274	1.0000
1.1257	1.0000
1.0208	1.0001
1.0083	1.0001
1.8717	1.0002
0.9927	1.0002
1.0621	1.0003
2.1114	1.0004
1.1322	1.0004
0.9147	1.0006
6.1595	1.0006
1.0656	1.0006
1.1047	1.0007
1.0275	1.0008
8.1054	1.0009
1.0642	1.0010
1.3297	1.0010
1.0614	1.0012
2.4442	1.0012
4.4034	1.0013
1.2012	1.0015
0.8651	1.0021
1.0727	1.0022
2.3644	1.0022
0.6989	1.0025
1.0105	1.0035
0.8744	1.0042
0.9546	1.0045
0.6590	1.0050
1.0007	1.0050
2.9798	1.0051
1.0490	1.0052
0.7032	1.0053
0.9630	1.0064
0.9988	1.0065
1.0048	1.0068
1.0102	1.0069
1.0024	1.0070
1.1329	1.0087
1.0001	1.0089
3.5667	1.0101
1.0408	1.0106
1.1454	1.0111
1.0929	1.0121
1.2393	1.0122
0.9868	1.0133
1.0656	1.0147
0.7565	1.0149
1.0133	1.0162
1.0550	1.0200
1.0681	1.0203
1.0079	1.0228
1.0998	1.0231
1.0537	1.0235
1.0970	1.0259
1.0090	1.0270
1.0563	1.0313
1.1818	1.0330
0.9993	1.0344
1.0018	1.0358
0.8747	1.0430
1.0221	1.0459
0.9512	1.0549
0.9462	1.0581
1.0918	1.0603
0.9447	1.0627
1.3591	1.0666
0.9678	1.0771
1.0234	1.0772
0.9766	1.0807
1.2327	1.0995
0.9662	1.1028
1.0038	1.1040
1.6338	1.1041
1.0966	1.1066
0.9617	1.1067
1.0033	1.1165
0.9478	1.1189
0.9160	1.1277
0.7755	1.1327
1.1789	1.1337
0.9928	1.1390
0.8491	1.1587
1.4750	1.1839
0.8778	1.1881
1.0441	1.1886
1.3113	1.1907
1.0699	1.1951
1.4731	1.1965
1.5526	1.1985
1.0495	1.2015
0.9886	1.2077
1.0620	1.2253
0.6276	1.2263
1.0224	1.2282
2.3900	1.2417
0.9253	1.2422
0.8994	1.2527
1.0000	1.2557
1.5233	1.2569
1.1519	1.2672
0.7297	1.2739
1.5053	1.2769
1.2523	1.2770
0.9142	1.2843
0.7070	1.2873
0.9774	1.2970
1.1608	1.2971
0.7997	1.3088
0.8290	1.3262
1.2038	1.3357
0.7531	1.3398
1.3971	1.3402
1.0100	1.3423
0.8991	1.3638
0.9042	1.3641
0.9702	1.4549
0.7133	1.4573
1.1815	1.4612
1.0190	1.4730
0.9898	1.4841
0.7480	1.5923
0.6136	1.5949
0.8355	1.6051
0.7238	1.6053
0.8008	1.6079
1.0291	1.6159
0.9550	1.6521
0.6415	1.6586
1.6821	1.7046
0.5826	1.7108
0.9999	1.7200
0.8988	1.7254
1.0241	1.7290
1.0032	1.7328
1.0745	1.7664
1.0370	1.8116
1.0108	1.8203
0.5368	1.8471
0.5855	1.8664
1.0393	1.8855
1.3402	1.9275
0.9978	1.9740
1.0017	1.9824
1.0060	1.9942
1.0046	1.9976
1.0016	1.9999
0.9116	2.0414
1.1871	2.0772
0.8836	2.0896
0.8738	2.1230
0.6443	2.1260
0.8738	2.1296
0.8555	2.1431
0.7102	2.1587
0.4343	2.3014
0.4494	2.3075
1.0074	2.4181
0.7080	2.4358
0.5819	2.5276
0.9821	2.5555
0.4763	2.5624
0.4762	2.5624
0.8106	2.5681
0.6393	2.5914
1.0059	2.6276
0.9905	2.6514
0.9808	2.7342
0.4435	2.7568
0.9121	2.8669
0.2285	2.8704
1.0106	2.9317
0.8907	3.0078
0.3919	3.2126
0.9290	3.2232
0.3891	3.2341
1.0669	3.2441
0.3890	3.2496
0.9361	3.2577
0.1283	3.2946
0.3720	3.3597
0.9636	3.4044
0.9934	3.4485
0.9382	3.5650
0.9376	3.5692
0.1528	3.5768
0.3908	3.5770
0.9277	3.6573
0.9477	3.7161
0.9486	3.7249
1.6008	3.7870
0.3183	3.7948
0.3277	3.8940
0.9885	4.0153
0.2938	4.1474
0.9577	4.2293
1.0324	5.0037
0.9891	5.0697
1.0224	5.2200
0.4911	7.0724
0.3997	16.4544
0.3581	20.0685
