0.0658
0.0712
0.0723
0.0769
0.0812
0.0824
0.0947
0.0965
0.1007
0.1074
0.1115
0.1123
0.1154
0.1197
0.1231
0.1322
0.1528
0.1619
0.1664
0.1669
0.1807
0.1817
0.1868
0.1906
0.1915
0.1916
0.2140
0.2227
0.2335
0.2413
0.2469
0.2494
0.2664
0.2788
0.2844
0.2956
0.3058
0.3311
0.3389
0.3418
0.3431
0.3439
0.3503
0.3564
0.3744
0.3752
0.4030
0.4061
0.4123
0.4229
0.4257
0.4418
0.4420
0.4878
0.4896
0.4920
0.4921
0.5020
0.5022
0.5035
0.5038
0.5045
0.5053
0.5251
0.5335
0.5352
0.5429
0.5449
0.5533
0.5537
0.5607
0.5616
0.5627
0.5629
0.5660
0.5707
0.5754
0.5907
0.6158
0.6358
0.6491
0.6510
0.6516
0.6599
0.6603
0.6628
0.6653
0.6685
0.6702
0.6704
0.6720
0.6726
0.6875
0.6891
0.6893
0.6913
0.7080
0.7095
0.7127
0.7170
0.7179
0.7353
0.7355
0.7414
0.7426
0.7426
0.7432
0.7434
0.7438
0.7468
0.7468
0.7479
0.7487
0.7489
0.7511
0.7569
0.7571
0.7588
0.7602
0.7611
0.7638
0.7772
0.7821
0.7831
0.7865
0.7887
0.7899
0.7906
0.7938
0.7955
0.7980
0.7990
0.7992
0.7999
0.8019
0.8073
0.8087
0.8088
0.8169
0.8208
0.8211
0.8255
0.8295
0.8313
0.8371
0.8398
0.8451
0.8514
0.8533
0.8569
0.8572
0.8695
0.8696
0.8699
0.8712
0.8720
0.8740
0.8761
0.8766
0.8787
0.8898
0.8941
0.8972
0.8994
0.8998
0.9092
0.9144
0.9156
0.9189
0.9223
0.9281
0.9304
0.9324
0.9330
0.9334
0.9352
0.9368
0.9373
0.9402
0.9408
0.9433
0.9455
0.9541
0.9620
0.9626
0.9682
0.9702
0.9714
0.9722
0.9786
0.9796
0.9798
0.9806
0.9847
0.9847
0.9862
0.9872
0.9878
0.9890
0.9898
0.9904
0.9906
0.9908
0.9910
0.9919
0.9921
0.9926
0.9927
0.9927
0.9931
0.9934
0.9941
0.9946
0.9948
0.9959
0.9963
0.9963
0.9965
0.9966
0.9973
0.9982
0.9982
0.9983
0.9986
0.9986
0.9987
0.9988
0.9989
0.9990
0.9990
0.9991
0.9992
0.9993
0.9993
0.9994
0.9995
0.9995
0.9995
0.9997
0.9998
0.9998
0.9998
0.9998
0.9998
0.9998
1.0000
1.0000
1.0000
1.0000
1.0001
1.0001
1.0002
1.0002
1.0002
1.0003
1.0004
1.0004
1.0007
1.0008
1.0008
1.0008
1.0009
1.0009
1.0009
1.0009
1.0011
1.0011
1.0012
1.0013
1.0013
1.0013
1.0014
1.0015
1.0015
1.0016
1.0016
1.0017
1.0017
1.0017
1.0021
1.0022
1.0022
1.0024
1.0025
1.0026
1.0026
1.0027
1.0027
1.0028
1.0028
1.0029
1.0031
1.0032
1.0032
1.0035
1.0037
1.0038
1.0038
1.0038
1.0040
1.0041
1.0044
1.0050
1.0051
1.0052
1.0055
1.0057
1.0057
1.0057
1.0060
1.0064
1.0064
1.0064
1.0065
1.0067
1.0067
1.0070
1.0071
1.0071
1.0072
1.0077
1.0080
1.0081
1.0083
1.0083
1.0091
1.0094
1.0095
1.0096
1.0097
1.0099
1.0104
1.0104
1.0106
1.0107
1.0112
1.0115
1.0118
1.0124
1.0124
1.0129
1.0139
1.0151
1.0162
1.0172
1.0182
1.0182
1.0223
1.0227
1.0228
1.0233
1.0241
1.0242
1.0249
1.0251
1.0252
1.0256
1.0316
1.0316
1.0318
1.0332
1.0343
1.0350
1.0351
1.0360
1.0373
1.0401
1.0417
1.0436
1.0456
1.0475
1.0486
1.0581
1.0593
1.0654
1.0678
1.0682
1.0695
1.0715
1.0830
1.0925
1.0926
1.1368
1.1573
1.1604
1.1631
1.1768
1.2019
1.2087
1.2193
1.2196
1.2264
1.2621
1.3496
1.4119
1.4205
1.5282
1.5309
1.6711
2.2676
2.3342
2.7512
3.0551
