0.0541
0.1153
0.1171
0.1266
0.1278
0.1318
0.1690
0.1720
0.1817
0.2009
0.2202
0.2256
0.2327
0.2402
0.2500
0.2604
0.2622
0.2942
0.3404
0.3477
0.3544
0.3567
0.3697
0.3977
0.4091
0.4099
0.4130
0.4354
0.4387
0.4524
0.4704
0.4736
0.4982
0.5019
0.5047
0.5171
0.5265
0.5294
0.5348
0.5357
0.5357
0.5383
0.5400
0.5421
0.5475
0.5511
0.5517
0.5528
0.5541
0.5610
0.5645
0.5970
0.6040
0.6049
0.6087
0.6253
0.6634
0.6635
0.6772
0.6776
0.6778
0.6781
0.6803
0.6934
0.7011
0.7017
0.7143
0.7144
0.7150
0.7167
0.7372
0.7458
0.7554
0.7621
0.7626
0.7787
0.7797
0.7804
0.7934
0.7970
0.7980
0.7990
0.8001
0.8027
0.8094
0.8274
0.8278
0.8323
0.8466
0.8546
0.8567
0.8569
0.8584
0.8686
0.8782
0.8785
0.8799
0.8807
0.8822
0.8831
0.8843
0.8853
0.8867
0.8873
0.8879
0.8889
0.8914
0.8919
0.8931
0.8937
0.8946
0.8947
0.9025
0.9109
0.9278
0.9487
0.9607
0.9636
0.9664
0.9688
0.9774
0.9808
0.9816
0.9830
0.9887
0.9900
0.9931
0.9940
0.9955
0.9959
0.9959
0.9980
0.9988
0.9994
0.9999
1.0014
1.0021
1.0021
1.0030
1.0110
1.0131
1.0171
1.0240
1.0286
1.0356
1.0363
1.0539
1.0544
1.0617
1.0733
1.0932
1.1121
1.1210
1.1245
1.1260
1.1285
1.1309
1.1361
1.1429
1.1611
1.1619
1.2048
1.2385
1.2541
1.2856
1.5022
1.6949
1.7544
1.9451
2.2868
2.3900
2.8441
4.4554
4.5196
