0.0645
0.1123
0.1231
0.1252
0.1528
0.1601
0.2618
0.2938
0.3042
0.3092
0.3183
0.3192
0.3214
0.3277
0.3277
0.3294
0.3561
0.3589
0.3630
0.3654
0.3748
0.3811
0.3832
0.3878
0.3959
0.3960
0.4009
0.4156
0.4272
0.4327
0.4431
0.4472
0.4536
0.4760
0.4782
0.4891
0.4898
0.4911
0.5232
0.5280
0.5406
0.5467
0.5486
0.5556
0.5751
0.5807
0.5855
0.5972
0.6000
0.6026
0.6033
0.6136
0.6223
0.6262
0.6293
0.6311
0.6393
0.6427
0.6505
0.6522
0.6560
0.6757
0.6781
0.6814
0.6833
0.6862
0.6891
0.6913
0.6932
0.6957
0.6971
0.6987
0.7011
0.7019
0.7051
0.7070
0.7108
0.7125
0.7167
0.7206
0.7238
0.7270
0.7281
0.7297
0.7332
0.7352
0.7372
0.7390
0.7458
0.7490
0.7519
0.7564
0.7575
0.7587
0.7593
0.7608
0.7662
0.7669
0.7705
0.7733
0.7739
0.7740
0.7796
0.7813
0.7878
0.7929
0.7939
0.7941
0.7945
0.7967
0.7968
0.7970
0.7970
0.8008
0.8012
0.8034
0.8084
0.8106
0.8112
0.8116
0.8150
0.8172
0.8173
0.8181
0.8182
0.8195
0.8235
0.8235
0.8250
0.8295
0.8311
0.8319
0.8322
0.8343
0.8354
0.8386
0.8391
0.8411
0.8452
0.8455
0.8463
0.8465
0.8475
0.8486
0.8488
0.8508
0.8555
0.8572
0.8579
0.8590
0.8610
0.8620
0.8621
0.8633
0.8657
0.8686
0.8690
0.8691
0.8698
0.8712
0.8716
0.8724
0.8728
0.8738
0.8739
0.8753
0.8760
0.8764
0.8785
0.8798
0.8799
0.8831
0.8834
0.8836
0.8854
0.8866
0.8891
0.8894
0.8905
0.8908
0.8910
0.8929
0.8944
0.8951
0.8997
0.9014
0.9040
0.9044
0.9055
0.9079
0.9086
0.9103
0.9116
0.9131
0.9142
0.9145
0.9155
0.9156
0.9162
0.9195
0.9203
0.9211
0.9213
0.9224
0.9231
0.9245
0.9261
0.9277
0.9279
0.9279
0.9302
0.9330
0.9331
0.9335
0.9346
0.9353
0.9355
0.9363
0.9376
0.9382
0.9384
0.9389
0.9396
0.9402
0.9406
0.9411
0.9416
0.9432
0.9433
0.9436
0.9444
0.9449
0.9455
0.9458
0.9459
0.9471
0.9474
0.9474
0.9477
0.9486
0.9489
0.9502
0.9502
0.9503
0.9530
0.9531
0.9546
0.9558
0.9577
0.9578
0.9584
0.9596
0.9604
0.9605
0.9610
0.9629
0.9630
0.9634
0.9643
0.9644
0.9644
0.9654
0.9658
0.9664
0.9666
0.9667
0.9678
0.9679
0.9684
0.9686
0.9687
0.9696
0.9702
0.9702
0.9702
0.9702
0.9711
0.9712
0.9732
0.9736
0.9740
0.9743
0.9747
0.9751
0.9762
0.9763
0.9767
0.9767
0.9769
0.9782
0.9794
0.9796
0.9802
0.9806
0.9811
0.9820
0.9822
0.9829
0.9830
0.9831
0.9831
0.9835
0.9842
0.9842
0.9844
0.9847
0.9847
0.9857
0.9861
0.9862
0.9864
0.9871
0.9872
0.9873
0.9876
0.9880
0.9881
0.9883
0.9883
0.9885
0.9886
0.9891
0.9892
0.9898
0.9900
0.9908
0.9909
0.9909
0.9909
0.9910
0.9911
0.9915
0.9918
0.9920
0.9921
0.9922
0.9922
0.9924
0.9927
0.9932
0.9934
0.9940
0.9941
0.9942
0.9946
0.9946
0.9947
0.9947
0.9948
0.9949
0.9949
0.9949
0.9953
0.9953
0.9957
0.9957
0.9958
0.9959
0.9963
0.9963
0.9965
0.9966
0.9969
0.9971
0.9972
0.9973
0.9973
0.9974
0.9977
0.9978
0.9981
0.9982
0.9982
0.9983
0.9983
0.9985
0.9985
0.9986
0.9986
0.9987
0.9990
0.9991
0.9991
0.9992
0.9992
0.9993
0.9994
0.9994
0.9995
0.9995
0.9995
0.9995
0.9995
0.9995
0.9995
0.9996
0.9997
0.9997
0.9998
0.9998
0.9998
0.9998
0.9998
0.9998
0.9998
0.9999
0.9999
0.9999
1.0000
1.0000
1.0000
1.0000
1.0000
1.0000
1.0000
1.0000
1.0001
1.0001
1.0001
1.0001
1.0002
1.0002
1.0002
1.0003
1.0004
1.0004
1.0004
1.0005
1.0006
1.0007
1.0007
1.0008
1.0008
1.0008
1.0008
1.0008
1.0009
1.0010
1.0010
1.0010
1.0011
1.0012
1.0013
1.0013
1.0014
1.0014
1.0014
1.0015
1.0015
1.0015
1.0016
1.0017
1.0018
1.0019
1.0019
1.0019
1.0019
1.0020
1.0021
1.0022
1.0024
1.0026
1.0027
1.0027
1.0028
1.0030
1.0031
1.0032
1.0032
1.0033
1.0035
1.0035
1.0035
1.0037
1.0037
1.0038
1.0038
1.0038
1.0039
1.0042
1.0044
1.0045
1.0047
1.0047
1.0048
1.0048
1.0049
1.0049
1.0050
1.0051
1.0051
1.0051
1.0053
1.0053
1.0057
1.0058
1.0058
1.0059
1.0060
1.0062
1.0067
1.0067
1.0068
1.0071
1.0072
1.0073
1.0077
1.0078
1.0079
1.0079
1.0079
1.0082
1.0082
1.0083
1.0083
1.0085
1.0089
1.0090
1.0092
1.0094
1.0096
1.0096
1.0097
1.0097
1.0098
1.0098
1.0099
1.0103
1.0105
1.0106
1.0108
1.0110
1.0112
1.0115
1.0116
1.0116
1.0122
1.0122
1.0123
1.0127
1.0129
1.0137
1.0137
1.0137
1.0141
1.0144
1.0145
1.0152
1.0154
1.0154
1.0156
1.0157
1.0159
1.0162
1.0164
1.0164
1.0165
1.0165
1.0166
1.0169
1.0171
1.0171
1.0177
1.0179
1.0182
1.0185
1.0187
1.0187
1.0188
1.0189
1.0194
1.0194
1.0200
1.0200
1.0207
1.0208
1.0209
1.0211
1.0212
1.0213
1.0223
1.0227
1.0228
1.0231
1.0233
1.0241
1.0242
1.0253
1.0257
1.0260
1.0268
1.0273
1.0273
1.0275
1.0281
1.0283
1.0293
1.0307
1.0308
1.0312
1.0332
1.0344
1.0354
1.0355
1.0356
1.0357
1.0362
1.0377
1.0401
1.0402
1.0403
1.0405
1.0417
1.0433
1.0434
1.0437
1.0439
1.0456
1.0458
1.0459
1.0469
1.0473
1.0478
1.0486
1.0490
1.0498
1.0502
1.0505
1.0510
1.0513
1.0513
1.0518
1.0528
1.0531
1.0534
1.0561
1.0566
1.0568
1.0582
1.0604
1.0613
1.0613
1.0614
1.0620
1.0620
1.0624
1.0632
1.0636
1.0639
1.0640
1.0640
1.0648
1.0654
1.0654
1.0655
1.0656
1.0660
1.0662
1.0664
1.0668
1.0674
1.0682
1.0697
1.0698
1.0700
1.0705
1.0715
1.0727
1.0728
1.0759
1.0779
1.0795
1.0797
1.0802
1.0803
1.0821
1.0830
1.0832
1.0834
1.0841
1.0844
1.0845
1.0850
1.0856
1.0860
1.0878
1.0920
1.0926
1.0928
1.0933
1.0942
1.0962
1.0963
1.0966
1.0970
1.0970
1.0979
1.0990
1.0996
1.1007
1.1035
1.1055
1.1062
1.1064
1.1068
1.1069
1.1080
1.1100
1.1125
1.1147
1.1163
1.1194
1.1199
1.1204
1.1206
1.1229
1.1236
1.1250
1.1251
1.1252
1.1253
1.1257
1.1264
1.1265
1.1266
1.1271
1.1276
1.1298
1.1304
1.1313
1.1314
1.1322
1.1337
1.1344
1.1350
1.1361
1.1364
1.1378
1.1381
1.1399
1.1401
1.1410
1.1418
1.1431
1.1439
1.1440
1.1463
1.1469
1.1474
1.1482
1.1497
1.1555
1.1565
1.1568
1.1578
1.1602
1.1602
1.1604
1.1630
1.1653
1.1682
1.1691
1.1727
1.1754
1.1766
1.1768
1.1799
1.1815
1.1826
1.1826
1.1832
1.1839
1.1878
1.1891
1.1899
1.1935
1.1940
1.1951
1.1997
1.2019
1.2029
1.2034
1.2041
1.2048
1.2052
1.2060
1.2087
1.2095
1.2097
1.2112
1.2117
1.2126
1.2139
1.2160
1.2173
1.2196
1.2219
1.2244
1.2286
1.2291
1.2319
1.2327
1.2331
1.2332
1.2335
1.2337
1.2371
1.2410
1.2429
1.2449
1.2452
1.2455
1.2486
1.2514
1.2527
1.2559
1.2588
1.2593
1.2621
1.2638
1.2682
1.2684
1.2732
1.2736
1.2759
1.2779
1.2784
1.2816
1.2823
1.2826
1.2832
1.2881
1.2925
1.2937
1.2956
1.2962
1.3081
1.3183
1.3195
1.3198
1.3297
1.3329
1.3335
1.3344
1.3367
1.3395
1.3428
1.3429
1.3450
1.3496
1.3518
1.3548
1.3569
1.3625
1.3690
1.3701
1.3755
1.3774
1.3802
1.3820
1.3902
1.3971
1.4073
1.4119
1.4315
1.4348
1.4363
1.4390
1.4392
1.4454
1.4470
1.4484
1.4534
1.4551
1.4644
1.4668
1.4793
1.4849
1.4892
1.4912
1.5018
1.5053
1.5085
1.5088
1.5127
1.5194
1.5233
1.5275
1.5368
1.5508
1.5526
1.5799
1.5832
1.5847
1.6008
1.6344
1.6601
1.6643
1.6651
1.6690
1.6785
1.6817
1.6817
1.6821
1.6865
1.6866
1.6903
1.6978
1.7113
1.7305
1.7455
1.7797
1.7948
1.8028
1.8243
1.8420
1.8447
1.8717
1.8807
1.8929
1.9210
2.0462
2.0729
2.1114
2.1742
2.1896
2.2676
2.3396
2.3644
2.3900
2.3918
2.4774
2.4952
2.5444
2.5808
2.7158
2.9798
3.0465
3.0652
3.1341
3.2556
3.2921
3.3495
3.5667
3.6286
3.6746
3.7167
3.7548
4.0098
4.0981
4.1095
4.4034
4.4816
4.5240
4.8907
5.3982
5.5112
6.1357
8.1054
