0.1473
0.1923
0.2277
0.2597
0.2884
0.3142
0.3190
0.3228
0.3228
0.3267
0.3330
0.5097
0.5276
0.5489
0.6543
0.6585
0.6988
0.7000
0.7358
0.7414
0.7693
0.7713
0.7762
0.7962
0.8011
0.8018
0.8121
0.8378
0.8412
0.8531
0.8612
0.8631
0.8652
0.8667
0.8867
0.9144
0.9195
0.9207
0.9245
0.9260
0.9332
0.9370
0.9600
0.9604
0.9609
0.9610
0.9666
0.9705
0.9730
0.9875
0.9893
0.9957
0.9974
1.0000
1.0002
1.0015
1.0025
1.0030
1.0044
1.0062
1.0134
1.0137
1.0389
1.0432
1.0565
1.0579
1.0700
1.0966
1.1018
1.1141
1.1193
1.1396
1.1401
1.1411
1.1645
1.1878
1.2270
1.2447
1.2486
1.2494
1.2495
1.2727
1.2810
1.3297
1.3367
1.3834
1.3836
1.3918
1.3971
1.4099
1.4424
1.5053
1.5411
1.5526
1.7437
1.7864
2.0547
2.1742
2.3296
2.3396
2.3750
2.9798
3.0465
3.2321
3.8704
