0.2812
0.2938
0.3092
0.3183
0.3192
0.3214
0.3277
0.3294
0.3561
0.3630
0.3654
0.3878
0.3959
0.3960
0.4156
0.4272
0.4327
0.4472
0.4536
0.4760
0.4911
0.5245
0.5280
0.5498
0.5751
0.5807
0.5855
0.6026
0.6033
0.6136
0.6223
0.6293
0.6393
0.6427
0.6604
0.6777
0.6852
0.6862
0.6932
0.6957
0.6968
0.7070
0.7125
0.7167
0.7238
0.7281
0.7297
0.7352
0.7458
0.7490
0.7494
0.7564
0.7593
0.7603
0.7733
0.7740
0.7796
0.7941
0.7945
0.7968
0.7970
0.7970
0.8008
0.8065
0.8104
0.8106
0.8155
0.8173
0.8195
0.8311
0.8386
0.8392
0.8430
0.8441
0.8461
0.8463
0.8508
0.8555
0.8579
0.8620
0.8621
0.8657
0.8698
0.8710
0.8728
0.8738
0.8739
0.8753
0.8798
0.8834
0.8836
0.8866
0.8894
0.8910
0.8929
0.9008
0.9040
0.9055
0.9079
0.9080
0.9082
0.9116
0.9132
0.9142
0.9145
0.9211
0.9231
0.9277
0.9335
0.9376
0.9380
0.9382
0.9406
0.9422
0.9432
0.9433
0.9455
0.9459
0.9474
0.9477
0.9486
0.9512
0.9531
0.9546
0.9577
0.9605
0.9630
0.9651
0.9656
0.9658
0.9667
0.9678
0.9702
0.9702
0.9712
0.9738
0.9740
0.9741
0.9747
0.9751
0.9763
0.9791
0.9820
0.9829
0.9831
0.9856
0.9864
0.9868
0.9873
0.9883
0.9885
0.9891
0.9900
0.9911
0.9914
0.9918
0.9920
0.9922
0.9922
0.9934
0.9941
0.9943
0.9947
0.9949
0.9953
0.9958
0.9959
0.9963
0.9973
0.9973
0.9977
0.9983
0.9984
0.9986
0.9987
0.9990
0.9992
0.9997
0.9999
1.0000
1.0001
1.0002
1.0004
1.0006
1.0008
1.0008
1.0010
1.0013
1.0013
1.0014
1.0015
1.0019
1.0019
1.0019
1.0019
1.0022
1.0032
1.0039
1.0047
1.0052
1.0058
1.0059
1.0062
1.0066
1.0067
1.0068
1.0072
1.0082
1.0085
1.0089
1.0090
1.0106
1.0110
1.0118
1.0122
1.0127
1.0157
1.0164
1.0165
1.0169
1.0177
1.0188
1.0194
1.0194
1.0208
1.0226
1.0253
1.0268
1.0273
1.0274
1.0275
1.0299
1.0312
1.0332
1.0395
1.0433
1.0478
1.0490
1.0502
1.0513
1.0518
1.0568
1.0586
1.0614
1.0620
1.0620
1.0624
1.0640
1.0640
1.0655
1.0656
1.0662
1.0664
1.0668
1.0705
1.0727
1.0759
1.0773
1.0802
1.0821
1.0845
1.0920
1.0957
1.0963
1.1062
1.1064
1.1125
1.1128
1.1199
1.1206
1.1229
1.1257
1.1264
1.1276
1.1298
1.1313
1.1362
1.1364
1.1418
1.1437
1.1469
1.1555
1.1606
1.1691
1.1754
1.1799
1.1813
1.1891
1.1899
1.1985
1.2029
1.2112
1.2173
1.2256
1.2286
1.2327
1.2371
1.2455
1.2527
1.2839
1.2925
1.2962
1.3183
1.3408
1.3428
1.3450
1.3518
1.3548
1.3625
1.3686
1.3774
1.4174
1.4392
1.4470
1.4484
1.4551
1.4793
1.5127
1.5466
1.5799
1.6643
1.6651
1.6690
1.6785
1.6817
1.6817
1.6903
1.7087
2.1896
3.2556
3.2921
3.5667
3.6286
8.1054
