0.1231
0.1528
0.1669
0.1868
0.1915
0.2227
0.2268
0.2664
0.3389
0.3431
0.3439
0.3503
0.3564
0.4061
0.5449
0.5533
0.5607
0.5629
0.6516
0.6685
0.6702
0.6704
0.6720
0.6726
0.6891
0.6913
0.7426
0.7432
0.7434
0.7438
0.7468
0.7468
0.7487
0.7489
0.7511
0.7772
0.7865
0.7887
0.7899
0.7906
0.7980
0.7992
0.7999
0.8019
0.8208
0.8255
0.8313
0.8398
0.8451
0.8514
0.8699
0.8712
0.8740
0.8761
0.8787
0.9144
0.9189
0.9223
0.9334
0.9368
0.9408
0.9433
0.9455
0.9620
0.9702
0.9786
0.9798
0.9806
0.9847
0.9855
0.9862
0.9872
0.9898
0.9910
0.9919
0.9934
0.9957
0.9965
0.9966
0.9986
0.9988
0.9990
0.9993
0.9994
1.0000
1.0000
1.0001
1.0011
1.0011
1.0013
1.0015
1.0016
1.0041
1.0044
1.0050
1.0060
1.0118
1.0172
1.0228
1.0241
1.0316
1.0456
1.0593
1.0715
1.0926
1.2019
1.2087
1.4119
1.5309
